     0.000  -230.673814056  -230.534769536  -230.534769536  -230.497975847
     0.100  -230.673259920  -230.535242532  -230.535242532  -230.497976374
     0.200  -230.672823281  -230.535902274  -230.535902274  -230.497977131
     0.300  -230.672506458  -230.536744825  -230.536744825  -230.497979035
     0.400  -230.672307712  -230.537759071  -230.537759071  -230.497977859
     0.500  -230.672225657  -230.538941748  -230.538941748  -230.497979222
     0.600  -230.672255564  -230.540278669  -230.540278669  -230.497979714
     0.700  -230.672390196  -230.541757737  -230.541757737  -230.497979769
     0.800  -230.672620038  -230.543366866  -230.543366866  -230.497981396
     0.900  -230.672930736  -230.545088779  -230.545088779  -230.497982739
     1.000  -230.673311878  -230.546908880  -230.546908880  -230.497985677
     1.100  -230.673746415  -230.548805412  -230.548805412  -230.497985691
     1.200  -230.674220936  -230.550765222  -230.550765222  -230.497987295
     1.300  -230.674713724  -230.552767286  -230.552767286  -230.497987242
     1.400  -230.675210615  -230.554797266  -230.554797266  -230.497988754
     1.500  -230.675696834  -230.556835189  -230.556835189  -230.497988897
     1.600  -230.676151275  -230.558866976  -230.558866976  -230.497989832
     1.700  -230.676560665  -230.560877450  -230.560877450  -230.497991574
     1.800  -230.676909044  -230.562850798  -230.562850798  -230.497992272
     1.900  -230.677184240  -230.564775123  -230.564775123  -230.497992618
     2.000  -230.677371710  -230.566641062  -230.566641062  -230.497994381
     2.100  -230.677462491  -230.568434639  -230.568434639  -230.497993242
     2.200  -230.677446856  -230.570151593  -230.570151593  -230.497993155
     2.300  -230.677319272  -230.571785707  -230.571785707  -230.497994763
     2.400  -230.677073787  -230.573326638  -230.573326638  -230.497993363
     2.500  -230.676704547  -230.574775306  -230.574775306  -230.497994459
     2.600  -230.676209711  -230.576125867  -230.576125867  -230.497995932
     2.700  -230.675587627  -230.577373006  -230.577373006  -230.497995527
     2.800  -230.674836619  -230.578515233  -230.578515233  -230.497994349
     2.900  -230.673955599  -230.579553469  -230.579553469  -230.497995623
     3.000  -230.672946064  -230.580481424  -230.580481424  -230.497995226
     3.100  -230.671806421  -230.581299441  -230.581299441  -230.497995630
     3.200  -230.670539664  -230.582004608  -230.582004608  -230.497996075
     3.300  -230.669142482  -230.582593925  -230.582593925  -230.497995739
     3.400  -230.667616799  -230.583066910  -230.583066910  -230.497996290
     3.500  -230.665964914  -230.583420219  -230.583420219  -230.497996409
     3.600  -230.664185307  -230.583653388  -230.583653388  -230.497997376
     3.700  -230.662279420  -230.583761987  -230.583761987  -230.497996049
     3.800  -230.660249281  -230.583749680  -230.583749680  -230.497996716
     3.900  -230.658094516  -230.583614064  -230.583614064  -230.497996721
     4.000  -230.655820797  -230.583357119  -230.583357119  -230.497996707
     4.100  -230.653429959  -230.582981077  -230.582981077  -230.497996305
     4.200  -230.650928841  -230.582491006  -230.582491006  -230.497996568
     4.300  -230.648322113  -230.581891149  -230.581891149  -230.497996217
     4.400  -230.645616785  -230.581188085  -230.581188085  -230.497994762
     4.500  -230.642824467  -230.580393555  -230.580393555  -230.497995360
     4.600  -230.639951689  -230.579513591  -230.579513591  -230.497994041
     4.700  -230.637014061  -230.578561928  -230.578561928  -230.497993286
     4.800  -230.634021111  -230.577549732  -230.577549732  -230.497991995
     4.900  -230.630986415  -230.576491516  -230.576491516  -230.497991685
     5.000  -230.627924254  -230.575397898  -230.575397898  -230.497989590
     5.100  -230.624849805  -230.574285136  -230.574285136  -230.497988554
     5.200  -230.621774265  -230.573167474  -230.573167474  -230.497989764
     5.300  -230.618712641  -230.572053261  -230.572053261  -230.497989246
     5.400  -230.615676637  -230.570953223  -230.570953223  -230.497986486
     5.500  -230.612675426  -230.569883496  -230.569883496  -230.497987790
     5.600  -230.609721999  -230.568845667  -230.568845667  -230.497986584
     5.700  -230.606821979  -230.567848584  -230.567848584  -230.497985420
     5.800  -230.603984877  -230.566898681  -230.566898681  -230.497986425
     5.900  -230.601214636  -230.565994740  -230.565994740  -230.497986099
     6.000  -230.598515949  -230.565139039  -230.565139039  -230.497986430
     6.100  -230.595891042  -230.564328853  -230.564328853  -230.497986266
     6.200  -230.593343227  -230.563563361  -230.563563361  -230.497988036
     6.300  -230.590870424  -230.562833915  -230.562833915  -230.497987770
     6.400  -230.588475151  -230.562138222  -230.562138222  -230.497988984
     6.500  -230.586154861  -230.561467372  -230.561467372  -230.497989379
     6.600  -230.583910272  -230.560812785  -230.560812785  -230.497987458
     6.700  -230.581739229  -230.560174686  -230.560174686  -230.497990653
     6.800  -230.579643135  -230.559537514  -230.559537514  -230.497990424
     6.900  -230.577621008  -230.558897546  -230.558897546  -230.497989589
     7.000  -230.575670325  -230.558251411  -230.558251411  -230.497990594
     7.100  -230.573794861  -230.557592407  -230.557592407  -230.497991626
     7.200  -230.571998231  -230.556914044  -230.556914044  -230.497990014
     7.300  -230.570276177  -230.556218740  -230.556218740  -230.497990827
     7.400  -230.568635008  -230.555503237  -230.555503237  -230.497992253
     7.500  -230.567075963  -230.554764860  -230.554764860  -230.497991861
     7.600  -230.565600880  -230.554006183  -230.554006183  -230.497991321
     7.700  -230.564214410  -230.553229536  -230.553229536  -230.497990983
     7.800  -230.562917756  -230.552438701  -230.552438701  -230.497991690
     7.900  -230.561714236  -230.551634425  -230.551634425  -230.497990403
     8.000  -230.560606115  -230.550825009  -230.550825009  -230.497990923
     8.100  -230.559597586  -230.550011507  -230.550011507  -230.497989210
     8.200  -230.558686675  -230.549203482  -230.549203482  -230.497989254
     8.300  -230.557879337  -230.548405919  -230.548405919  -230.497990077
     8.400  -230.557173482  -230.547621886  -230.547621886  -230.497988466
     8.500  -230.556569988  -230.546861267  -230.546861267  -230.497987751
     8.600  -230.556070441  -230.546130857  -230.546130857  -230.497987916
     8.700  -230.555674588  -230.545437021  -230.545437021  -230.497988241
     8.800  -230.555381820  -230.544785383  -230.544785383  -230.497986960
     8.900  -230.555192035  -230.544185373  -230.544185373  -230.497985749
     9.000  -230.555107798  -230.543647260  -230.543647260  -230.497986701
     9.100  -230.555125117  -230.543175586  -230.543175586  -230.497985679
     9.200  -230.555247302  -230.542782176  -230.555247302  -230.497985283
     9.300  -230.555485381  -230.542407330  -230.555485381  -230.498276242
     9.400  -230.555810380  -230.542028830  -230.555810380  -230.498275192
     9.500  -230.556223822  -230.541648864  -230.556223822  -230.498275452
     9.600  -230.556722373  -230.541268925  -230.556722373  -230.498275357
     9.700  -230.557306111  -230.540894363  -230.557306111  -230.498276204
     9.800  -230.557972301  -230.540527981  -230.557972301  -230.498275952
     9.900  -230.558722481  -230.540174498  -230.558722481  -230.498276294
    10.000  -230.559556207  -230.539838497  -230.559556207  -230.498276444
    10.100  -230.560473921  -230.539529007  -230.560473921  -230.498276113
    10.200  -230.561477615  -230.539253331  -230.561477615  -230.498276353
    10.300  -230.562567783  -230.539016984  -230.562567783  -230.498276738
    10.400  -230.563743633  -230.538831434  -230.563743633  -230.498275874
    10.500  -230.565008397  -230.538703148  -230.565008397  -230.498277030
    10.600  -230.566357048  -230.538638750  -230.566357048  -230.498276197
    10.700  -230.567790926  -230.538643660  -230.567790926  -230.498277050
    10.800  -230.569303312  -230.538723906  -230.569303312  -230.498276815
    10.900  -230.570890617  -230.538875674  -230.570890617  -230.498277694
    11.000  -230.572544038  -230.539107552  -230.572544038  -230.498278666
    11.100  -230.574253366  -230.539408790  -230.574253366  -230.498279344
    11.200  -230.576006805  -230.539781208  -230.576006805  -230.498279699
    11.300  -230.577791984  -230.540211755  -230.577791984  -230.498280877
    11.400  -230.579592856  -230.540688968  -230.579592856  -230.498281769
    11.500  -230.581394816  -230.541207567  -230.581394816  -230.498283690
    11.600  -230.583178195  -230.541752412  -230.583178195  -230.498283363
    11.700  -230.584931315  -230.542305943  -230.584931315  -230.498285390
    11.800  -230.586633929  -230.542857472  -230.586633929  -230.498285100
    11.900  -230.588276259  -230.543388864  -230.588276259  -230.498287003
    12.000  -230.589843555  -230.543892726  -230.589843555  -230.498288818
    12.100  -230.591323080  -230.544352620  -230.591323080  -230.498288012
    12.200  -230.592710075  -230.544758818  -230.592710075  -230.498287412
    12.300  -230.594001075  -230.545105110  -230.594001075  -230.498288328
    12.400  -230.595191891  -230.545381440  -230.595191891  -230.498288438
    12.500  -230.596283393  -230.545583544  -230.596283393  -230.498287655
    12.600  -230.597280477  -230.545710605  -230.597280477  -230.498287284
    12.700  -230.598187860  -230.545756562  -230.598187860  -230.498286129
    12.800  -230.599015319  -230.545722636  -230.599015319  -230.498286130
    12.900  -230.599770121  -230.545607623  -230.599770121  -230.498285258
    13.000  -230.600463844  -230.545412151  -230.600463844  -230.498284827
    13.100  -230.601106403  -230.545135656  -230.601106403  -230.498284000
    13.200  -230.601708857  -230.544777589  -230.601708857  -230.498283044
    13.300  -230.602281735  -230.544335628  -230.602281735  -230.498282048
    13.400  -230.602836118  -230.543807537  -230.602836118  -230.498282309
    13.500  -230.603378825  -230.543189067  -230.603378825  -230.498281731
    13.600  -230.603917789  -230.542475926  -230.603917789  -230.498280330
    13.700  -230.604461526  -230.541663526  -230.604461526  -230.498279733
    13.800  -230.605016256  -230.540742998  -230.605016256  -230.498280261
    13.900  -230.605584599  -230.539710297  -230.605584599  -230.498279530
    14.000  -230.606172604  -230.538552135  -230.606172604  -230.498279349
    14.100  -230.606783951  -230.537266688  -230.606783951  -230.498279788
    14.200  -230.607420518  -230.535842234  -230.607420518  -230.498279610
    14.300  -230.608086033  -230.534270859  -230.608086033  -230.498279830
    14.400  -230.608780630  -230.532545361  -230.608780630  -230.498278214
    14.500  -230.609510344  -230.530658589  -230.609510344  -230.498278779
    14.600  -230.610274665  -230.528605869  -230.610274665  -230.498279395
    14.700  -230.611073405  -230.526378442  -230.611073405  -230.498278767
    14.800  -230.611907721  -230.523975139  -230.611907721  -230.498277614
    14.900  -230.612779953  -230.521388713  -230.612779953  -230.498278688
    15.000  -230.613685750  -230.518614441  -230.613685750  -230.498279120
    15.100  -230.614622741  -230.515649612  -230.614622741  -230.498279294
    15.200  -230.615587678  -230.512492310  -230.615587678  -230.498280189
    15.300  -230.616573332  -230.509138463  -230.616573332  -230.498280447
    15.400  -230.617572575  -230.505586846  -230.617572575  -230.498280571
    15.500  -230.618577422  -230.501830065  -230.618577422  -230.498282030
    15.600  -230.619574769  -230.497872180  -230.619574769  -230.498283010
    15.700  -230.620550591  -230.493705666  -230.620550591  -230.498282530
    15.800  -230.621494876  -230.489332369  -230.621494876  -230.498285238
    15.900  -230.622385931  -230.484748075  -230.622385931  -230.498285501
    16.000  -230.623209819  -230.479953757  -230.623209819  -230.498286557
    16.100  -230.623948921  -230.474949121  -230.623948921  -230.498288733
    16.200  -230.624582587  -230.469736211  -230.624582587  -230.498289689
    16.300  -230.625093625  -230.464317618  -230.625093625  -230.498290462
    16.400  -230.625465700  -230.458700810  -230.625465700  -230.498292374
    16.500  -230.625680286  -230.452886767  -230.625680286  -230.498293469
    16.600  -230.625722763  -230.446892868  -230.625722763  -230.498294084
    16.700  -230.625581868  -230.440725763  -230.625581868  -230.498295768
    16.800  -230.625244800  -230.434401739  -230.625244800  -230.498295870
    16.900  -230.624706161  -230.427937057  -230.624706161  -230.498295982
    17.000  -230.623962072  -230.421356132  -230.623962072  -230.498295626
    17.100  -230.623014416  -230.414679256  -230.623014416  -230.498296111
    17.200  -230.621867325  -230.407934861  -230.621867325  -230.498296747
    17.300  -230.620527482  -230.401152063  -230.620527482  -230.498294971
    17.400  -230.619012299  -230.394365229  -230.619012299  -230.498294498
    17.500  -230.617336157  -230.387605716  -230.617336157  -230.498291683
    17.600  -230.615526217  -230.380914857  -230.615526217  -230.498291641
    17.700  -230.613603270  -230.374326969  -230.613603270  -230.498289576
    17.800  -230.611597708  -230.367882698  -230.611597708  -230.498287440
    17.900  -230.609540407  -230.361617343  -230.609540407  -230.498285656
    18.000  -230.607462910  -230.355569756  -230.607462910  -230.498284320
    18.100  -230.605395221  -230.349777069  -230.605395221  -230.498282116
    18.200  -230.603368629  -230.344269314  -230.603368629  -230.498280327
    18.300  -230.601410558  -230.339076181  -230.601410558  -230.498278877
    18.400  -230.599543937  -230.334219168  -230.599543937  -230.498276827
    18.500  -230.597790717  -230.329719741  -230.597790717  -230.498276866
    18.600  -230.596161833  -230.325588757  -230.596161833  -230.498276045
    18.700  -230.594667030  -230.321832394  -230.594667030  -230.498276095
    18.800  -230.593307281  -230.318444386  -230.593307281  -230.498276043
    18.900  -230.592079478  -230.315423964  -230.592079478  -230.498276759
    19.000  -230.590973402  -230.312754214  -230.590973402  -230.498277472
    19.100  -230.589976914  -230.310417297  -230.589976914  -230.498280219
    19.200  -230.589067043  -230.308386893  -230.589067043  -230.498279958
    19.300  -230.588229298  -230.306636607  -230.588229298  -230.498282750
    19.400  -230.587436389  -230.305139978  -230.587436389  -230.498283256
    19.500  -230.586669364  -230.303864250  -230.586669364  -230.498284663
    19.600  -230.585906791  -230.302781033  -230.585906791  -230.498286715
    19.700  -230.585127470  -230.301857839  -230.585127470  -230.498287420
    19.800  -230.584315593  -230.301070015  -230.584315593  -230.498287371
    19.900  -230.583459249  -230.300393866  -230.583459249  -230.498287625
    20.000  -230.582549172  -230.299807683  -230.582549172  -230.498288046
    20.100  -230.581578741  -230.299295889  -230.581578741  -230.498287102
    20.200  -230.580549558  -230.298844456  -230.580549558  -230.498287440
    20.300  -230.579462554  -230.298445014  -230.579462554  -230.498287147
    20.400  -230.578324153  -230.298092071  -230.578324153  -230.498286210
    20.500  -230.577144411  -230.297786239  -230.577144411  -230.498285051
    20.600  -230.575937261  -230.297525849  -230.575937261  -230.498285223
    20.700  -230.574713391  -230.297318212  -230.574713391  -230.498282794
    20.800  -230.573493117  -230.297168553  -230.573493117  -230.498281716
    20.900  -230.572291826  -230.297086845  -230.572291826  -230.498279772
    21.000  -230.571131106  -230.297084370  -230.571131106  -230.498280171
    21.100  -230.570026200  -230.297170328  -230.570026200  -230.498279431
    21.200  -230.568995004  -230.297359532  -230.568995004  -230.498276767
    21.300  -230.568059711  -230.297662449  -230.568059711  -230.498276069
    21.400  -230.567235639  -230.298093877  -230.567235639  -230.498275021
    21.500  -230.566539394  -230.298665118  -230.566539394  -230.498273510
    21.600  -230.565989037  -230.299388938  -230.565989037  -230.498273999
    21.700  -230.565594930  -230.300274764  -230.565594930  -230.498272531
    21.800  -230.565371496  -230.301334876  -230.565371496  -230.498270633
    21.900  -230.565333118  -230.302578323  -230.565333118  -230.498271325
    22.000  -230.565484203  -230.304011884  -230.565484203  -230.498269274
    22.100  -230.565838422  -230.305644368  -230.565838422  -230.498270110
    22.200  -230.566398075  -230.307477262  -230.566398075  -230.498269862
    22.300  -230.567168842  -230.309517457  -230.567168842  -230.498269757
    22.400  -230.568153523  -230.311766088  -230.568153523  -230.498270020
    22.500  -230.569351329  -230.314221103  -230.569351329  -230.498269199
    22.600  -230.570763320  -230.316881436  -230.570763320  -230.498269647
    22.700  -230.572384302  -230.319744456  -230.572384302  -230.498269439
    22.800  -230.574210630  -230.322800102  -230.574210630  -230.498270199
    22.900  -230.576233523  -230.326045561  -230.576233523  -230.498270416
    23.000  -230.578445132  -230.329468858  -230.578445132  -230.498271498
    23.100  -230.580833113  -230.333061550  -230.580833113  -230.498272316
    23.200  -230.583384615  -230.336804656  -230.583384615  -230.498273139
    23.300  -230.586085876  -230.340690658  -230.586085876  -230.498275157
    23.400  -230.588917896  -230.344700916  -230.588917896  -230.498276041
    23.500  -230.591863266  -230.348821783  -230.591863266  -230.498276652
    23.600  -230.594903620  -230.353033637  -230.594903620  -230.498278331
    23.700  -230.598016610  -230.357319674  -230.598016610  -230.498279687
    23.800  -230.601180717  -230.361663070  -230.601180717  -230.498281196
    23.900  -230.604373128  -230.366042828  -230.604373128  -230.498282840
    24.000  -230.607569037  -230.370444849  -230.607569037  -230.498283155
    24.100  -230.610748078  -230.374848792  -230.610748078  -230.498285384
    24.200  -230.613884523  -230.379234887  -230.613884523  -230.498287402
    24.300  -230.616953665  -230.383590937  -230.616953665  -230.498287799
    24.400  -230.619935791  -230.387895540  -230.619935791  -230.498289575
    24.500  -230.622806484  -230.392134174  -230.622806484  -230.498290169
    24.600  -230.625547075  -230.396291171  -230.625547075  -230.498291645
    24.700  -230.628136661  -230.400352555  -230.628136661  -230.498292482
    24.800  -230.630558748  -230.404304066  -230.630558748  -230.498294004
    24.900  -230.632796712  -230.408133285  -230.632796712  -230.498295670
    25.000  -230.634835639  -230.411827016  -230.634835639  -230.498296773
    25.100  -230.636662030  -230.415377614  -230.636662030  -230.498296044
    25.200  -230.638268928  -230.418770016  -230.638268928  -230.498296714
    25.300  -230.639646464  -230.421998436  -230.639646464  -230.498297031
    25.400  -230.640788490  -230.425052854  -230.640788490  -230.498296896
    25.500  -230.641691261  -230.427927185  -230.641691261  -230.498296578
    25.600  -230.642354395  -230.430611506  -230.642354395  -230.498297733
    25.700  -230.642774507  -230.433108832  -230.642774507  -230.498297114
    25.800  -230.642955096  -230.435404186  -230.642955096  -230.498296552
    25.900  -230.642899220  -230.437500851  -230.642899220  -230.498295735
    26.000  -230.642613827  -230.439392061  -230.642613827  -230.498296641
    26.100  -230.642101137  -230.441080272  -230.642101137  -230.498295036
    26.200  -230.641372552  -230.442565316  -230.641372552  -230.498294478
    26.300  -230.640436083  -230.443847890  -230.640436083  -230.498293852
    26.400  -230.639301168  -230.444926931  -230.639301168  -230.498292273
    26.500  -230.637981297  -230.445809966  -230.637981297  -230.498291789
    26.600  -230.636487643  -230.446504101  -230.636487643  -230.498291090
    26.700  -230.634833368  -230.447012671  -230.634833368  -230.498289869
    26.800  -230.633034279  -230.447344864  -230.633034279  -230.498289540
    26.900  -230.631103999  -230.447514459  -230.631103999  -230.498288463
    27.000  -230.629058841  -230.447530439  -230.629058841  -230.498286867
    27.100  -230.626917175  -230.447406945  -230.626917175  -230.498286280
    27.200  -230.624694708  -230.447161962  -230.624694708  -230.498284885
    27.300  -230.622410802  -230.446811358  -230.622410802  -230.498283925
    27.400  -230.620083124  -230.446371468  -230.620083124  -230.498282465
    27.500  -230.617730751  -230.445864921  -230.617730751  -230.498280644
    27.600  -230.615374337  -230.445314325  -230.615374337  -230.498280015
    27.700  -230.613031670  -230.444736994  -230.613031670  -230.498279314
    27.800  -230.610720330  -230.444159926  -230.610720330  -230.498277362
    27.900  -230.608460821  -230.443599715  -230.608460821  -230.498276480
    28.000  -230.606269442  -230.443081975  -230.606269442  -230.498275670
    28.100  -230.604161975  -230.442627996  -230.604161975  -230.498274625
    28.200  -230.602152840  -230.442251026  -230.602152840  -230.498273228
    28.300  -230.600256096  -230.441973018  -230.600256096  -230.498272873
    28.400  -230.598481237  -230.441803723  -230.598481237  -230.498272584
    28.500  -230.596836326  -230.441757214  -230.596836326  -230.498272410
    28.600  -230.595326707  -230.441839007  -230.595326707  -230.498272361
    28.700  -230.593953585  -230.442053409  -230.593953585  -230.498271143
    28.800  -230.592719760  -230.442400608  -230.592719760  -230.498271962
    28.900  -230.591619916  -230.442878927  -230.591619916  -230.498272806
    29.000  -230.590648121  -230.443478343  -230.590648121  -230.498273842
    29.100  -230.589795284  -230.444191008  -230.589795284  -230.498274694
    29.200  -230.589049507  -230.445000926  -230.589049507  -230.498274520
    29.300  -230.588400039  -230.445894843  -230.588400039  -230.498275638
    29.400  -230.587830042  -230.446856884  -230.587830042  -230.498275895
    29.500  -230.587326022  -230.447863819  -230.587326022  -230.498277662
    29.600  -230.586868993  -230.448902582  -230.586868993  -230.498278535
    29.700  -230.586444132  -230.449946823  -230.586444132  -230.498280517
    29.800  -230.586032392  -230.450987912  -230.586032392  -230.498281154
    29.900  -230.585618782  -230.451999573  -230.585618782  -230.498281359
    30.000  -230.585190219  -230.452971186  -230.585190219  -230.498282825
    30.100  -230.584731598  -230.453887584  -230.584731598  -230.498283693
    30.200  -230.584231461  -230.454735745  -230.584231461  -230.498283857
    30.300  -230.583682269  -230.455510565  -230.583682269  -230.498284910
    30.400  -230.583075741  -230.456207759  -230.583075741  -230.498285205
    30.500  -230.582408400  -230.456820907  -230.582408400  -230.498285173
    30.600  -230.581679560  -230.457352210  -230.581679560  -230.498285136
    30.700  -230.580890591  -230.457805870  -230.580890591  -230.498284447
    30.800  -230.580048674  -230.458188326  -230.580048674  -230.498285187
    30.900  -230.579158997  -230.458507064  -230.579158997  -230.498284371
    31.000  -230.578233127  -230.458776302  -230.578233127  -230.498282396
    31.100  -230.577287736  -230.459008356  -230.577287736  -230.498281924
    31.200  -230.576338165  -230.459224802  -230.576338165  -230.498281681
    31.300  -230.575401210  -230.459437441  -230.575401210  -230.498279573
    31.400  -230.574500396  -230.459667254  -230.574500396  -230.498278368
    31.500  -230.573656684  -230.459937811  -230.573656684  -230.498276899
    31.600  -230.572893547  -230.460266482  -230.572893547  -230.498275708
    31.700  -230.572232583  -230.460674807  -230.572232583  -230.498273295
    31.800  -230.571698658  -230.461183446  -230.571698658  -230.498271941
    31.900  -230.571313207  -230.461809789  -230.571313207  -230.498271711
    32.000  -230.571093892  -230.462570986  -230.571093892  -230.498270811
    32.100  -230.571057249  -230.463486472  -230.571057249  -230.498268888
    32.200  -230.571219975  -230.464563344  -230.571219975  -230.498268917
    32.300  -230.571589729  -230.465813650  -230.571589729  -230.498268491
    32.400  -230.572174444  -230.467243625  -230.572174444  -230.498269503
    32.500  -230.572973512  -230.468857005  -230.572973512  -230.498269545
    32.600  -230.573985077  -230.470656586  -230.573985077  -230.498269260
    32.700  -230.575203406  -230.472632384  -230.575203406  -230.498269606
    32.800  -230.576618059  -230.474785765  -230.576618059  -230.498270756
    32.900  -230.578212817  -230.477103472  -230.578212817  -230.498270600
    33.000  -230.579974255  -230.479576781  -230.579974255  -230.498272785
    33.100  -230.581879458  -230.482189085  -230.581879458  -230.498273790
    33.200  -230.583910196  -230.484930302  -230.583910196  -230.498276403
    33.300  -230.586042257  -230.487779407  -230.586042257  -230.498278331
    33.400  -230.588252913  -230.490722032  -230.588252913  -230.498278953
    33.500  -230.590522371  -230.493742300  -230.590522371  -230.498280104
    33.600  -230.592829516  -230.496820632  -230.592829516  -230.498281217
    33.700  -230.595155060  -230.499942843  -230.595155060  -230.498281964
    33.800  -230.597482508  -230.503091454  -230.597482508  -230.498282835
    33.900  -230.599796693  -230.506254800  -230.599796693  -230.498283391
    34.000  -230.602086601  -230.509414299  -230.602086601  -230.498284938
    34.100  -230.604339241  -230.512562244  -230.604339241  -230.498284365
    34.200  -230.606550656  -230.515683715  -230.606550656  -230.498285227
    34.300  -230.608713736  -230.518767888  -230.608713736  -230.498285736
    34.400  -230.610823722  -230.521803847  -230.610823722  -230.498284517
    34.500  -230.612882095  -230.524785264  -230.612882095  -230.498284809
    34.600  -230.614886737  -230.527699121  -230.614886737  -230.498284988
    34.700  -230.616837002  -230.530536639  -230.616837002  -230.498284009
    34.800  -230.618737925  -230.533291663  -230.618737925  -230.498285995
    34.900  -230.620583929  -230.535952068  -230.620583929  -230.498284299
    35.000  -230.622381788  -230.538509849  -230.622381788  -230.498284791
    35.100  -230.624129500  -230.540954974  -230.624129500  -230.498285006
    35.200  -230.625826919  -230.543276454  -230.625826919  -230.498284996
    35.300  -230.627474023  -230.545462276  -230.627474023  -230.498285750
    35.400  -230.629067146  -230.547507006  -230.629067146  -230.498285521
    35.500  -230.630604396  -230.549391730  -230.630604396  -230.498285260
    35.600  -230.632082912  -230.551107812  -230.632082912  -230.498285849
    35.700  -230.633497190  -230.552643877  -230.633497190  -230.498286332
    35.800  -230.634841989  -230.553988107  -230.634841989  -230.498286683
    35.900  -230.636111210  -230.555130939  -230.636111210  -230.498286527
    36.000  -230.637300539  -230.556057013  -230.637300539  -230.498287568
    36.100  -230.638402028  -230.556758192  -230.638402028  -230.498287969
    36.200  -230.639411064  -230.557224851  -230.639411064  -230.498289094
    36.300  -230.640319575  -230.557448219  -230.640319575  -230.498288495
    36.400  -230.641125953  -230.557424815  -230.641125953  -230.498289620
    36.500  -230.641823676  -230.557143974  -230.641823676  -230.498290249
    36.600  -230.642407907  -230.556602204  -230.642407907  -230.498288923
    36.700  -230.642881140  -230.555795446  -230.642881140  -230.498290445
    36.800  -230.643238304  -230.554726065  -230.643238304  -230.498290891
    36.900  -230.643478979  -230.553390670  -230.643478979  -230.498289756
    37.000  -230.643607675  -230.551793884  -230.643607675  -230.498290225
    37.100  -230.643623844  -230.549939005  -230.643623844  -230.498289212
    37.200  -230.643534126  -230.547827213  -230.643534126  -230.498289693
    37.300  -230.643340130  -230.545470651  -230.643340130  -230.498288625
    37.400  -230.643049372  -230.542870781  -230.643049372  -230.498288067
    37.500  -230.642667657  -230.540041126  -230.642667657  -230.498287802
    37.600  -230.642201894  -230.536989282  -230.642201894  -230.498288422
    37.700  -230.641655553  -230.533726039  -230.641655553  -230.498287095
    37.800  -230.641038656  -230.530260656  -230.641038656  -230.498287878
    37.900  -230.640352651  -230.526608142  -230.640352651  -230.498286927
    38.000  -230.639604906  -230.522773680  -230.639604906  -230.498287301
    38.100  -230.638796946  -230.518770514  -230.638796946  -230.498287487
    38.200  -230.637928954  -230.514609051  -230.637928954  -230.498286135
    38.300  -230.637004660  -230.510297466  -230.637004660  -230.498287109
    38.400  -230.636019253  -230.505844349  -230.636019253  -230.498287482
    38.500  -230.634970312  -230.501259044  -230.634970312  -230.498288446
    38.600  -230.633851620  -230.496546637  -230.633851620  -230.498289008
    38.700  -230.632656848  -230.491714394  -230.632656848  -230.498289443
    38.800  -230.631378043  -230.486771391  -230.631378043  -230.498289457
    38.900  -230.630008497  -230.481720746  -230.630008497  -230.498290628
    39.000  -230.628538305  -230.476569273  -230.628538305  -230.498291470
    39.100  -230.626959602  -230.471326454  -230.626959602  -230.498292121
    39.200  -230.625264872  -230.466001633  -230.625264872  -230.498292058
    39.300  -230.623450013  -230.460602482  -230.623450013  -230.498292576
    39.400  -230.621510684  -230.455139136  -230.621510684  -230.498292572
    39.500  -230.619446449  -230.449629631  -230.619446449  -230.498292164
    39.600  -230.617261013  -230.444086593  -230.617261013  -230.498292489
    39.700  -230.614959100  -230.438527062  -230.614959100  -230.498292238
    39.800  -230.612549998  -230.432973374  -230.612549998  -230.498290976
    39.900  -230.610048918  -230.427447859  -230.610048918  -230.498290411
    40.000  -230.607471862  -230.421979292  -230.607471862  -230.498289312
    40.100  -230.604839438  -230.416586135  -230.604839438  -230.498287532
    40.200  -230.602176507  -230.411307295  -230.602176507  -230.498285998
    40.300  -230.599509204  -230.406164205  -230.599509204  -230.498284225
    40.400  -230.596866905  -230.401193971  -230.596866905  -230.498282892
    40.500  -230.594278592  -230.396421806  -230.594278592  -230.498280926
    40.600  -230.591775906  -230.391881201  -230.591775906  -230.498279360
    40.700  -230.589389662  -230.387603266  -230.589389662  -230.498278692
    40.800  -230.587145955  -230.383613958  -230.587145955  -230.498275868
    40.900  -230.585074644  -230.379940385  -230.585074644  -230.498273613
    41.000  -230.583201878  -230.376605979  -230.583201878  -230.498273778
    41.100  -230.581544025  -230.373630009  -230.581544025  -230.498271986
    41.200  -230.580121375  -230.371032212  -230.580121375  -230.498271969
    41.300  -230.578943644  -230.368823826  -230.578943644  -230.498271560
    41.400  -230.578017790  -230.367018841  -230.578017790  -230.498270872
    41.500  -230.577346799  -230.365620881  -230.577346799  -230.498271272
    41.600  -230.576926350  -230.364634329  -230.576926350  -230.498272099
    41.700  -230.576748074  -230.364057469  -230.576748074  -230.498273812
    41.800  -230.576795598  -230.363885683  -230.576795598  -230.498273779
    41.900  -230.577054295  -230.364111150  -230.577054295  -230.498275652
    42.000  -230.577499600  -230.364726999  -230.577499600  -230.498277189
    42.100  -230.578106430  -230.365713312  -230.578106430  -230.498279074
    42.200  -230.578846633  -230.367054993  -230.578846633  -230.498281708
    42.300  -230.579688452  -230.368736251  -230.579688452  -230.498283932
    42.400  -230.580599644  -230.370732427  -230.580599644  -230.498285368
    42.500  -230.581549817  -230.373022081  -230.581549817  -230.498287948
    42.600  -230.582505785  -230.375575519  -230.582505785  -230.498290423
    42.700  -230.583435529  -230.378374237  -230.583435529  -230.498291482
    42.800  -230.584313597  -230.381381224  -230.584313597  -230.498294298
    42.900  -230.585111026  -230.384572279  -230.585111026  -230.498295597
    43.000  -230.585807899  -230.387917701  -230.585807899  -230.498297388
    43.100  -230.586383689  -230.391384176  -230.586383689  -230.498296492
    43.200  -230.586831037  -230.394950224  -230.586831037  -230.498297566
    43.300  -230.587141147  -230.398581180  -230.587141147  -230.498297800
    43.400  -230.587314619  -230.402256995  -230.587314619  -230.498297150
    43.500  -230.587360152  -230.405950864  -230.587360152  -230.498296574
    43.600  -230.587292015  -230.409646852  -230.587292015  -230.498295205
    43.700  -230.587133842  -230.413325887  -230.587133842  -230.498294078
    43.800  -230.586913562  -230.416981409  -230.586913562  -230.498291255
    43.900  -230.586669905  -230.420603460  -230.586669905  -230.498288857
    44.000  -230.586444036  -230.424196483  -230.586444036  -230.498285587
    44.100  -230.586283987  -230.427761487  -230.586283987  -230.498282435
    44.200  -230.586240077  -230.431306244  -230.586240077  -230.498279764
    44.300  -230.586361635  -230.434848534  -230.586361635  -230.498276065
    44.400  -230.586700229  -230.438397688  -230.586700229  -230.498273503
    44.500  -230.587299733  -230.441977532  -230.587299733  -230.498270478
    44.600  -230.588201009  -230.445601686  -230.588201009  -230.498268838
    44.700  -230.589432449  -230.449287388  -230.589432449  -230.498266801
    44.800  -230.591015532  -230.453044036  -230.591015532  -230.498266561
    44.900  -230.592955542  -230.456879386  -230.592955542  -230.498266542
    45.000  -230.595248076  -230.460794489  -230.595248076  -230.498268780
    45.100  -230.597869936  -230.464782092  -230.597869936  -230.498269945
    45.200  -230.600791228  -230.468833581  -230.600791228  -230.498272795
    45.300  -230.603967018  -230.472922429  -230.603967018  -230.498276451
    45.400  -230.607342002  -230.477026762  -230.607342002  -230.498279092
    45.500  -230.610859326  -230.481113648  -230.610859326  -230.498284350
    45.600  -230.614449081  -230.485148810  -230.614449081  -230.498287140
    45.700  -230.618048441  -230.489093483  -230.618048441  -230.498291080
    45.800  -230.621591899  -230.492913186  -230.621591899  -230.498296166
    45.900  -230.625014563  -230.496567259  -230.625014563  -230.498299786
    46.000  -230.628259618  -230.500027335  -230.628259618  -230.498302278
    46.100  -230.631276978  -230.503259463  -230.631276978  -230.498304147
    46.200  -230.634024364  -230.506239703  -230.634024364  -230.498306125
    46.300  -230.636466651  -230.508947060  -230.636466651  -230.498307945
    46.400  -230.638577178  -230.511367388  -230.638577178  -230.498309439
    46.500  -230.640337572  -230.513491482  -230.640337572  -230.498310446
    46.600  -230.641736308  -230.515316543  -230.641736308  -230.498309713
    46.700  -230.642772970  -230.516842750  -230.642772970  -230.498309631
    46.800  -230.643449869  -230.518079153  -230.643449869  -230.498308472
    46.900  -230.643777464  -230.519039080  -230.643777464  -230.498306473
    47.000  -230.643772338  -230.519736732  -230.643772338  -230.498304519
    47.100  -230.643455061  -230.520192581  -230.643455061  -230.498302727
    47.200  -230.642850735  -230.520431621  -230.642850735  -230.498301706
    47.300  -230.641985006  -230.520477413  -230.641985006  -230.498299298
    47.400  -230.640890032  -230.520358058  -230.640890032  -230.498297259
    47.500  -230.639596729  -230.520104628  -230.639596729  -230.498294228
    47.600  -230.638141262  -230.519741134  -230.638141262  -230.498292944
    47.700  -230.636554473  -230.519302277  -230.636554473  -230.498290392
    47.800  -230.634871747  -230.518812028  -230.634871747  -230.498288383
    47.900  -230.633123804  -230.518298191  -230.633123804  -230.498285043
    48.000  -230.631345075  -230.517782074  -230.631345075  -230.498283840
    48.100  -230.629561907  -230.517289749  -230.629561907  -230.498282387
    48.200  -230.627801205  -230.516836844  -230.627801205  -230.498281594
    48.300  -230.626084309  -230.516439734  -230.626084309  -230.498279956
    48.400  -230.624431706  -230.516108690  -230.624431706  -230.498278554
    48.500  -230.622859793  -230.515854361  -230.622859793  -230.498277968
    48.600  -230.621379175  -230.515680319  -230.621379175  -230.498276585
    48.700  -230.620001161  -230.515589011  -230.620001161  -230.498276972
    48.800  -230.618728255  -230.515579962  -230.618728255  -230.498276121
    48.900  -230.617565415  -230.515650869  -230.617565415  -230.498276347
    49.000  -230.616511846  -230.515798017  -230.616511846  -230.498276654
    49.100  -230.615565474  -230.516013922  -230.615565474  -230.498276729
    49.200  -230.614724013  -230.516295146  -230.614724013  -230.498277515
    49.300  -230.613981968  -230.516633745  -230.613981968  -230.498277734
    49.400  -230.613334888  -230.517024044  -230.613334888  -230.498277694
    49.500  -230.612779297  -230.517459218  -230.612779297  -230.498278845
    49.600  -230.612307329  -230.517933719  -230.612307329  -230.498278103
    49.700  -230.611917723  -230.518445476  -230.611917723  -230.498278628
    49.800  -230.611604386  -230.518989495  -230.611604386  -230.498278244
    49.900  -230.611366702  -230.519559008  -230.611366702  -230.498279686
    50.000  -230.611197400  -230.520154473  -230.611197400  -230.498278480
    50.100  -230.611099381  -230.520775528  -230.611099381  -230.498279833
    50.200  -230.611065505  -230.521416187  -230.611065505  -230.498278530
    50.300  -230.611099172  -230.522077896  -230.611099172  -230.498279649
    50.400  -230.611194771  -230.522757901  -230.611194771  -230.498279163
    50.500  -230.611352954  -230.523451418  -230.611352954  -230.498279364
    50.600  -230.611571408  -230.524161693  -230.611571408  -230.498279778
    50.700  -230.611847278  -230.524886440  -230.611847278  -230.498279709
    50.800  -230.612178555  -230.525617207  -230.612178555  -230.498279729
    50.900  -230.612562118  -230.526355995  -230.612562118  -230.498279792
    51.000  -230.612994183  -230.527098335  -230.612994183  -230.498279726
    51.100  -230.613471490  -230.527841873  -230.613471490  -230.498280431
    51.200  -230.613987622  -230.528578474  -230.613987622  -230.498280186
    51.300  -230.614539355  -230.529304810  -230.614539355  -230.498280963
    51.400  -230.615119287  -230.530020276  -230.615119287  -230.498280994
    51.500  -230.615723338  -230.530716285  -230.615723338  -230.498282188
    51.600  -230.616342367  -230.531389791  -230.616342367  -230.498281669
    51.700  -230.616972306  -230.532031319  -230.616972306  -230.498281803
    51.800  -230.617607660  -230.532641537  -230.617607660  -230.498283590
    51.900  -230.618237577  -230.533209552  -230.618237577  -230.498282631
    52.000  -230.618860220  -230.533733200  -230.618860220  -230.498283387
    52.100  -230.619467910  -230.534207194  -230.619467910  -230.498284221
    52.200  -230.620054092  -230.534624193  -230.620054092  -230.498284262
    52.300  -230.620614731  -230.534982280  -230.620614731  -230.498284707
    52.400  -230.621144641  -230.535270581  -230.621144641  -230.498285069
    52.500  -230.621639076  -230.535490353  -230.621639076  -230.498284686
    52.600  -230.622096106  -230.535636720  -230.622096106  -230.498285034
    52.700  -230.622512301  -230.535702337  -230.622512301  -230.498285342
    52.800  -230.622885403  -230.535686908  -230.622885403  -230.498285221
    52.900  -230.623215416  -230.535582180  -230.623215416  -230.498285701
    53.000  -230.623500713  -230.535391446  -230.623500713  -230.498285302
    53.100  -230.623743437  -230.535107284  -230.623743437  -230.498285399
    53.200  -230.623944614  -230.534731287  -230.623944614  -230.498285305
    53.300  -230.624106253  -230.534261260  -230.624106253  -230.498284354
    53.400  -230.624234407  -230.533696081  -230.624234407  -230.498284939
    53.500  -230.624330930  -230.533035739  -230.624330930  -230.498284274
    53.600  -230.624403879  -230.532283267  -230.624403879  -230.498284810
    53.700  -230.624457104  -230.531438940  -230.624457104  -230.498283852
    53.800  -230.624499146  -230.530505016  -230.624499146  -230.498282529
    53.900  -230.624539188  -230.529484578  -230.624539188  -230.498281837
    54.000  -230.624585490  -230.528383099  -230.624585490  -230.498281227
    54.100  -230.624647458  -230.527202851  -230.624647458  -230.498280859
    54.200  -230.624735056  -230.525947168  -230.624735056  -230.498281269
    54.300  -230.624855302  -230.524620800  -230.624855302  -230.498280167
    54.400  -230.625019456  -230.523232684  -230.625019456  -230.498279988
    54.500  -230.625234128  -230.521779707  -230.625234128  -230.498279396
    54.600  -230.625505584  -230.520269447  -230.625505584  -230.498278032
    54.700  -230.625841221  -230.518701468  -230.625841221  -230.498278431
    54.800  -230.626242029  -230.517075979  -230.626242029  -230.498278918
    54.900  -230.626707576  -230.515394477  -230.626707576  -230.498278990
    55.000  -230.627235143  -230.513649661  -230.627235143  -230.498278776
    55.100  -230.627819822  -230.511838040  -230.627819822  -230.498279367
    55.200  -230.628452205  -230.509950826  -230.628452205  -230.498280621
    55.300  -230.629118404  -230.507978522  -230.629118404  -230.498281156
    55.400  -230.629803738  -230.505911336  -230.629803738  -230.498281870
    55.500  -230.630491346  -230.503737146  -230.630491346  -230.498284245
    55.600  -230.631158751  -230.501438042  -230.631158751  -230.498286446
    55.700  -230.631781633  -230.499004416  -230.631781633  -230.498286524
    55.800  -230.632340466  -230.496416561  -230.632340466  -230.498288373
    55.900  -230.632809567  -230.493664006  -230.632809567  -230.498290029
    56.000  -230.633165462  -230.490736069  -230.633165462  -230.498291246
    56.100  -230.633388215  -230.487620425  -230.633388215  -230.498294029
    56.200  -230.633452928  -230.484310229  -230.633452928  -230.498293358
    56.300  -230.633347934  -230.480802437  -230.633347934  -230.498294672
    56.400  -230.633056748  -230.477097412  -230.633056748  -230.498295180
    56.500  -230.632570071  -230.473201872  -230.632570071  -230.498295348
    56.600  -230.631883697  -230.469121443  -230.631883697  -230.498296407
    56.700  -230.630994256  -230.464873340  -230.630994256  -230.498295859
    56.800  -230.629907297  -230.460474939  -230.629907297  -230.498295472
    56.900  -230.628630261  -230.455947748  -230.628630261  -230.498294336
    57.000  -230.627177647  -230.451321387  -230.627177647  -230.498294285
    57.100  -230.625563550  -230.446622975  -230.625563550  -230.498292846
    57.200  -230.623808347  -230.441887739  -230.623808347  -230.498290491
    57.300  -230.621936361  -230.437145520  -230.621936361  -230.498288982
    57.400  -230.619971774  -230.432432966  -230.619971774  -230.498288068
    57.500  -230.617939141  -230.427784041  -230.617939141  -230.498286833
    57.600  -230.615864340  -230.423229962  -230.615864340  -230.498285482
    57.700  -230.613771962  -230.418801601  -230.613771962  -230.498283548
    57.800  -230.611686600  -230.414526329  -230.611686600  -230.498281905
    57.900  -230.609629916  -230.410424494  -230.609629916  -230.498280436
    58.000  -230.607622003  -230.406517896  -230.607622003  -230.498279863
    58.100  -230.605678073  -230.402817163  -230.605678073  -230.498278709
    58.200  -230.603814253  -230.399336219  -230.603814253  -230.498279213
    58.300  -230.602037963  -230.396074673  -230.602037963  -230.498277647
    58.400  -230.600361506  -230.393034187  -230.600361506  -230.498277707
    58.500  -230.598788923  -230.390213685  -230.598788923  -230.498277055
    58.600  -230.597326081  -230.387608142  -230.597326081  -230.498277007
    58.700  -230.595974903  -230.385204609  -230.595974903  -230.498276340
    58.800  -230.594737704  -230.382994972  -230.594737704  -230.498275204
    58.900  -230.593619647  -230.380970645  -230.593619647  -230.498277186
    59.000  -230.592616732  -230.379116140  -230.592616732  -230.498276977
    59.100  -230.591731610  -230.377419930  -230.591731610  -230.498275957
    59.200  -230.590967728  -230.375870404  -230.590967728  -230.498276188
    59.300  -230.590326359  -230.374459475  -230.590326359  -230.498277409
    59.400  -230.589804960  -230.373175529  -230.589804960  -230.498275432
    59.500  -230.589411202  -230.372009750  -230.589411202  -230.498276309
    59.600  -230.589141899  -230.370953507  -230.589141899  -230.498275450
    59.700  -230.589000582  -230.370002607  -230.589000582  -230.498275434
    59.800  -230.588987401  -230.369148383  -230.588987401  -230.498276179
    59.900  -230.589100285  -230.368387491  -230.589100285  -230.498276383
    60.000  -230.589337411  -230.367715299  -230.589337411  -230.498276263
    60.100  -230.589694873  -230.367125432  -230.589694873  -230.498275468
    60.200  -230.590170132  -230.366614284  -230.590170132  -230.498276749
    60.300  -230.590753048  -230.366179076  -230.590753048  -230.498277165
    60.400  -230.591435094  -230.365814999  -230.591435094  -230.498277411
    60.500  -230.592206130  -230.365515885  -230.592206130  -230.498278661
    60.600  -230.593050943  -230.365276926  -230.593050943  -230.498279119
    60.700  -230.593955865  -230.365093042  -230.593955865  -230.498280578
    60.800  -230.594902291  -230.364957016  -230.594902291  -230.498281832
    60.900  -230.595871305  -230.364862495  -230.595871305  -230.498283128
    61.000  -230.596842151  -230.364800159  -230.596842151  -230.498284416
    61.100  -230.597793394  -230.364764472  -230.597793394  -230.498286220
    61.200  -230.598701336  -230.364746781  -230.598701336  -230.498287728
    61.300  -230.599542986  -230.364735930  -230.599542986  -230.498289370
    61.400  -230.600294628  -230.364722853  -230.600294628  -230.498290960
    61.500  -230.600931830  -230.364701213  -230.600931830  -230.498291230
    61.600  -230.601434921  -230.364659904  -230.601434921  -230.498292789
    61.700  -230.601781376  -230.364591632  -230.601781376  -230.498293969
    61.800  -230.601953679  -230.364489480  -230.601953679  -230.498296109
    61.900  -230.601933248  -230.364345854  -230.601933248  -230.498296897
    62.000  -230.601707149  -230.364156147  -230.601707149  -230.498296491
    62.100  -230.601268514  -230.363918469  -230.601268514  -230.498297373
    62.200  -230.600610556  -230.363630627  -230.600610556  -230.498297807
    62.300  -230.599732152  -230.363294121  -230.599732152  -230.498296956
    62.400  -230.598640037  -230.362916144  -230.598640037  -230.498296666
    62.500  -230.597344252  -230.362501218  -230.597344252  -230.498296634
    62.600  -230.595858178  -230.362059836  -230.595858178  -230.498294293
    62.700  -230.594206320  -230.361606932  -230.594206320  -230.498292630
    62.800  -230.592415068  -230.361159709  -230.592415068  -230.498291163
    62.900  -230.590515419  -230.360738561  -230.590515419  -230.498289103
    63.000  -230.588543478  -230.360363851  -230.588543478  -230.498286513
    63.100  -230.586539240  -230.360060380  -230.586539240  -230.498283961
    63.200  -230.584544735  -230.359854093  -230.584544735  -230.498281749
    63.300  -230.582601297  -230.359771183  -230.582601297  -230.498278416
    63.400  -230.580753459  -230.359838136  -230.580753459  -230.498275994
    63.500  -230.579041240  -230.360079294  -230.579041240  -230.498273709
    63.600  -230.577501700  -230.360516817  -230.577501700  -230.498270923
    63.700  -230.576169914  -230.361167871  -230.576169914  -230.498269415
    63.800  -230.575072244  -230.362051555  -230.575072244  -230.498267778
    63.900  -230.574231262  -230.363176935  -230.574231262  -230.498267243
    64.000  -230.573660702  -230.364550151  -230.573660702  -230.498267246
    64.100  -230.573367006  -230.366172510  -230.573367006  -230.498267273
    64.200  -230.573349893  -230.368038988  -230.573349893  -230.498267420
    64.300  -230.573602547  -230.370139161  -230.573602547  -230.498268253
    64.400  -230.574111431  -230.372460263  -230.574111431  -230.498270027
    64.500  -230.574855824  -230.374983052  -230.574855824  -230.498271415
    64.600  -230.575812329  -230.377681736  -230.575812329  -230.498273040
    64.700  -230.576952779  -230.380534581  -230.576952779  -230.498274329
    64.800  -230.578248830  -230.383511808  -230.578248830  -230.498277007
    64.900  -230.579665722  -230.386587340  -230.579665722  -230.498277812
    65.000  -230.581175129  -230.389727880  -230.581175129  -230.498280369
    65.100  -230.582742176  -230.392906002  -230.582742176  -230.498281348
    65.200  -230.584339582  -230.396093222  -230.584339582  -230.498283896
    65.300  -230.585935523  -230.399263196  -230.585935523  -230.498284931
    65.400  -230.587505828  -230.402390348  -230.587505828  -230.498286918
    65.500  -230.589024839  -230.405450863  -230.589024839  -230.498288455
    65.600  -230.590470578  -230.408426669  -230.590470578  -230.498289275
    65.700  -230.591824430  -230.411296460  -230.591824430  -230.498289880
    65.800  -230.593070443  -230.414043745  -230.593070443  -230.498290848
    65.900  -230.594193305  -230.416660459  -230.594193305  -230.498290882
    66.000  -230.595183584  -230.419134132  -230.595183584  -230.498292145
    66.100  -230.596029005  -230.421457330  -230.596029005  -230.498291645
    66.200  -230.596726000  -230.423622764  -230.596726000  -230.498292876
    66.300  -230.597266615  -230.425628345  -230.597266615  -230.498292799
    66.400  -230.597649153  -230.427476171  -230.597649153  -230.498292529
    66.500  -230.597873767  -230.429166947  -230.597873767  -230.498292925
    66.600  -230.597940284  -230.430699396  -230.597940284  -230.498292384
    66.700  -230.597852667  -230.432082704  -230.597852667  -230.498291229
    66.800  -230.597617749  -230.433325579  -230.597617749  -230.498290339
    66.900  -230.597245017  -230.434436147  -230.597245017  -230.498290816
    67.000  -230.596742650  -230.435425166  -230.596742650  -230.498289902
    67.100  -230.596125005  -230.436310491  -230.596125005  -230.498288352
    67.200  -230.595409974  -230.437104904  -230.595409974  -230.498287721
    67.300  -230.594615608  -230.437826218  -230.594615608  -230.498286978
    67.400  -230.593762288  -230.438500510  -230.593762288  -230.498284746
    67.500  -230.592876123  -230.439146107  -230.592876123  -230.498282877
    67.600  -230.591983848  -230.439788690  -230.591983848  -230.498281665
    67.700  -230.591111996  -230.440456043  -230.591111996  -230.498279455
    67.800  -230.590291445  -230.441173265  -230.590291445  -230.498277793
    67.900  -230.589550390  -230.441966539  -230.589550390  -230.498275139
    68.000  -230.588919947  -230.442866640  -230.588919947  -230.498273336
    68.100  -230.588428456  -230.443899873  -230.588428456  -230.498272870
    68.200  -230.588098628  -230.445086607  -230.588098628  -230.498271031
    68.300  -230.587953989  -230.446452572  -230.587953989  -230.498269363
    68.400  -230.588013311  -230.448012952  -230.588013311  -230.498269022
    68.500  -230.588287799  -230.449783157  -230.588287799  -230.498268768
    68.600  -230.588784153  -230.451770007  -230.588784153  -230.498268634
    68.700  -230.589503012  -230.453978471  -230.589503012  -230.498268730
    68.800  -230.590439769  -230.456404382  -230.590439769  -230.498270149
    68.900  -230.591580903  -230.459043309  -230.591580903  -230.498271104
    69.000  -230.592909378  -230.461877845  -230.592909378  -230.498271860
    69.100  -230.594405689  -230.464896352  -230.594405689  -230.498275077
    69.200  -230.596038176  -230.468073761  -230.596038176  -230.498275227
    69.300  -230.597783316  -230.471392691  -230.597783316  -230.498277876
    69.400  -230.599606915  -230.474817942  -230.599606915  -230.498279791
    69.500  -230.601478029  -230.478328069  -230.601478029  -230.498281808
    69.600  -230.603364717  -230.481892254  -230.603364717  -230.498283581
    69.700  -230.605236351  -230.485484922  -230.605236351  -230.498285006
    69.800  -230.607066161  -230.489078010  -230.607066161  -230.498288034
    69.900  -230.608823296  -230.492647767  -230.608823296  -230.498288153
    70.000  -230.610488696  -230.496173407  -230.610488696  -230.498289858
    70.100  -230.612038848  -230.499627801  -230.612038848  -230.498290156
    70.200  -230.613458480  -230.502999891  -230.613458480  -230.498291168
    70.300  -230.614731868  -230.506268795  -230.614731868  -230.498291447
    70.400  -230.615848874  -230.509423112  -230.615848874  -230.498292147
    70.500  -230.616799858  -230.512451742  -230.616799858  -230.498292115
    70.600  -230.617579866  -230.515344175  -230.617579866  -230.498292327
    70.700  -230.618185505  -230.518096518  -230.618185505  -230.498293026
    70.800  -230.618613388  -230.520702715  -230.618613388  -230.498292446
    70.900  -230.618865228  -230.523157071  -230.618865228  -230.498292173
    71.000  -230.618942522  -230.525457908  -230.618942522  -230.498292080
    71.100  -230.618847996  -230.527606049  -230.618847996  -230.498292002
    71.200  -230.618584344  -230.529600930  -230.618584344  -230.498290668
    71.300  -230.618159280  -230.531442157  -230.618159280  -230.498290917
    71.400  -230.617576109  -230.533132767  -230.617576109  -230.498290397
    71.500  -230.616841806  -230.534675083  -230.616841806  -230.498289745
    71.600  -230.615964374  -230.536070208  -230.615964374  -230.498289998
    71.700  -230.614949552  -230.537322387  -230.614949552  -230.498289348
    71.800  -230.613807830  -230.538434677  -230.613807830  -230.498290159
    71.900  -230.612543773  -230.539410224  -230.612543773  -230.498288278
    72.000  -230.611171585  -230.540255705  -230.611171585  -230.498288572
    72.100  -230.609697568  -230.540974767  -230.609697568  -230.498287336
    72.200  -230.608134382  -230.541576282  -230.608134382  -230.498286492
    72.300  -230.606493881  -230.542061087  -230.606493881  -230.498286362
    72.400  -230.604786657  -230.542438019  -230.604786657  -230.498285135
    72.500  -230.603027790  -230.542712854  -230.603027790  -230.498284553
    72.600  -230.601230654  -230.542894725  -230.601230654  -230.498283643
    72.700  -230.599411170  -230.542990321  -230.599411170  -230.498282916
    72.800  -230.597585315  -230.543010502  -230.597585315  -230.498281834
    72.900  -230.595771535  -230.542960974  -230.595771535  -230.498281201
    73.000  -230.593986903  -230.542854699  -230.593986903  -230.498279335
    73.100  -230.592253033  -230.542699125  -230.592253033  -230.498278036
    73.200  -230.590590639  -230.542507294  -230.590590639  -230.498277241
    73.300  -230.589019010  -230.542288396  -230.589019010  -230.498274666
    73.400  -230.587564625  -230.542057946  -230.587564625  -230.498274653
    73.500  -230.586245800  -230.541825765  -230.586245800  -230.498273121
    73.600  -230.585086904  -230.541601722  -230.585086904  -230.498272180
    73.700  -230.584108655  -230.541403285  -230.584108655  -230.498270893
    73.800  -230.583330642  -230.541235003  -230.583330642  -230.498268350
    73.900  -230.582775409  -230.541112635  -230.582775409  -230.498268362
    74.000  -230.582456308  -230.541040679  -230.582456308  -230.498267967
    74.100  -230.582386890  -230.541034170  -230.582386890  -230.498267490
    74.200  -230.582575537  -230.541094598  -230.582575537  -230.498265820
    74.300  -230.583031029  -230.541227279  -230.583031029  -230.498266571
    74.400  -230.583750576  -230.541432780  -230.583750576  -230.498266608
    74.500  -230.584729983  -230.541713236  -230.584729983  -230.498266581
    74.600  -230.585960964  -230.542059507  -230.585960964  -230.498268436
    74.700  -230.587424950  -230.542470951  -230.587424950  -230.498269236
    74.800  -230.589103745  -230.542933994  -230.589103745  -230.498271646
    74.900  -230.590968695  -230.543438604  -230.590968695  -230.498272716
    75.000  -230.592992603  -230.543971170  -230.592992603  -230.498275240
    75.100  -230.595140912  -230.544513080  -230.595140912  -230.498278219
    75.200  -230.597375970  -230.545050846  -230.597375970  -230.498280269
    75.300  -230.599661962  -230.545562202  -230.599661962  -230.498283614
    75.400  -230.601957843  -230.546029940  -230.601957843  -230.498286012
    75.500  -230.604225536  -230.546436406  -230.604225536  -230.498287936
    75.600  -230.606428439  -230.546762103  -230.606428439  -230.498290076
    75.700  -230.608532640  -230.546992752  -230.608532640  -230.498293596
    75.800  -230.610502005  -230.547111750  -230.610502005  -230.498294341
    75.900  -230.612311886  -230.547106330  -230.612311886  -230.498295745
    76.000  -230.613937742  -230.546966672  -230.613937742  -230.498296761
    76.100  -230.615362297  -230.546684750  -230.615362297  -230.498298454
    76.200  -230.616571127  -230.546256625  -230.616571127  -230.498299135
    76.300  -230.617556484  -230.545682889  -230.617556484  -230.498297875
    76.400  -230.618321189  -230.544963643  -230.618321189  -230.498298221
    76.500  -230.618868524  -230.544105617  -230.618868524  -230.498298068
    76.600  -230.619209394  -230.543118419  -230.619209394  -230.498296927
    76.700  -230.619361399  -230.542013129  -230.619361399  -230.498295287
    76.800  -230.619347460  -230.540807561  -230.619347460  -230.498293662
    76.900  -230.619194243  -230.539518048  -230.619194243  -230.498291603
    77.000  -230.618933077  -230.538169671  -230.618933077  -230.498289340
    77.100  -230.618598694  -230.536777476  -230.618598694  -230.498287396
    77.200  -230.618226612  -230.535372027  -230.618226612  -230.498284932
    77.300  -230.617855152  -230.533977145  -230.617855152  -230.498282837
    77.400  -230.617520252  -230.532621821  -230.617520252  -230.498279657
    77.500  -230.617261316  -230.531326381  -230.617261316  -230.498278573
    77.600  -230.617108758  -230.530120069  -230.617108758  -230.498276050
    77.700  -230.617096305  -230.529026698  -230.617096305  -230.498275177
    77.800  -230.617247423  -230.528059964  -230.617247423  -230.498273013
    77.900  -230.617585839  -230.527245493  -230.617585839  -230.498271885
    78.000  -230.618126327  -230.526589240  -230.618126327  -230.498270774
    78.100  -230.618880263  -230.526107021  -230.618880263  -230.498271267
    78.200  -230.619849306  -230.525799310  -230.619849306  -230.498271438
    78.300  -230.621031897  -230.525667701  -230.621031897  -230.498272330
    78.400  -230.622418768  -230.525706842  -230.622418768  -230.498273250
    78.500  -230.623995470  -230.525907543  -230.623995470  -230.498273911
    78.600  -230.625743286  -230.526255072  -230.625743286  -230.498274800
    78.700  -230.627638985  -230.526733802  -230.627638985  -230.498276258
    78.800  -230.629656123  -230.527319102  -230.629656123  -230.498279027
    78.900  -230.631763196  -230.527988713  -230.631763196  -230.498281574
    79.000  -230.633926769  -230.528715068  -230.633926769  -230.498282387
    79.100  -230.636117391  -230.529470555  -230.636117391  -230.498285037
    79.200  -230.638300240  -230.530226232  -230.638300240  -230.498288017
    79.300  -230.640438638  -230.530957995  -230.640438638  -230.498287491
    79.400  -230.642507446  -230.531637122  -230.642507446  -230.498290000
    79.500  -230.644473534  -230.532232433  -230.644473534  -230.498292316
    79.600  -230.646309053  -230.532723610  -230.646309053  -230.498294187
    79.700  -230.647990426  -230.533091060  -230.647990426  -230.498296897
    79.800  -230.649491524  -230.533310709  -230.649491524  -230.498296094
    79.900  -230.650799333  -230.533368984  -230.650799333  -230.498297201
    80.000  -230.651896392  -230.533249539  -230.651896392  -230.498297678
    80.100  -230.652772502  -230.532944251  -230.652772502  -230.498298630
    80.200  -230.653418983  -230.532442743  -230.653418983  -230.498299033
    80.300  -230.653831639  -230.531739850  -230.653831639  -230.498298719
    80.400  -230.654010931  -230.530832790  -230.654010931  -230.498298639
    80.500  -230.653959140  -230.529722500  -230.653959140  -230.498298138
    80.600  -230.653683584  -230.528407702  -230.653683584  -230.498298351
    80.700  -230.653190377  -230.526897231  -230.653190377  -230.498296152
    80.800  -230.652495511  -230.525193671  -230.652495511  -230.498295476
    80.900  -230.651612038  -230.523303826  -230.651612038  -230.498294761
    81.000  -230.650557009  -230.521240733  -230.650557009  -230.498294173
    81.100  -230.649347009  -230.519011183  -230.649347009  -230.498291458
    81.200  -230.648006442  -230.516628400  -230.648006442  -230.498290553
    81.300  -230.646554764  -230.514106885  -230.646554764  -230.498289177
    81.400  -230.645015288  -230.511457873  -230.645015288  -230.498287994
    81.500  -230.643410790  -230.508696651  -230.643410790  -230.498286601
    81.600  -230.641764696  -230.505839354  -230.641764696  -230.498285086
    81.700  -230.640100916  -230.502898919  -230.640100916  -230.498284239
    81.800  -230.638440024  -230.499892659  -230.638440024  -230.498282093
    81.900  -230.636807291  -230.496836634  -230.636807291  -230.498282295
    82.000  -230.635218532  -230.493743989  -230.635218532  -230.498280267
    82.100  -230.633696678  -230.490632008  -230.633696678  -230.498280043
    82.200  -230.632256488  -230.487512923  -230.632256488  -230.498279214
    82.300  -230.630913115  -230.484402895  -230.630913115  -230.498277658
    82.400  -230.629680750  -230.481315540  -230.629680750  -230.498276311
    82.500  -230.628571834  -230.478262299  -230.628571834  -230.498276436
    82.600  -230.627592972  -230.475259208  -230.627592972  -230.498275549
    82.700  -230.626753525  -230.472318427  -230.626753525  -230.498275980
    82.800  -230.626057024  -230.469450808  -230.626057024  -230.498276218
    82.900  -230.625506302  -230.466669399  -230.625506302  -230.498275953
    83.000  -230.625104981  -230.463986580  -230.625104981  -230.498277470
    83.100  -230.624848044  -230.461410558  -230.624848044  -230.498276137
    83.200  -230.624738144  -230.458953844  -230.624738144  -230.498276648
    83.300  -230.624768990  -230.456626401  -230.624768990  -230.498276391
    83.400  -230.624937161  -230.454434037  -230.624937161  -230.498277275
    83.500  -230.625234991  -230.452385173  -230.625234991  -230.498278680
    83.600  -230.625652848  -230.450482729  -230.625652848  -230.498279845
    83.700  -230.626180085  -230.448731055  -230.626180085  -230.498280949
    83.800  -230.626802491  -230.447133710  -230.626802491  -230.498280710
    83.900  -230.627507459  -230.445681079  -230.627507459  -230.498281690
    84.000  -230.628278219  -230.444374799  -230.628278219  -230.498284624
    84.100  -230.629090282  -230.443202870  -230.629090282  -230.498284901
    84.200  -230.629927108  -230.442151743  -230.629927108  -230.498288175
    84.300  -230.630757777  -230.441212302  -230.630757777  -230.498287873
    84.400  -230.631563363  -230.440365697  -230.631563363  -230.498291275
    84.500  -230.632309710  -230.439591381  -230.632309710  -230.498291877
    84.600  -230.632972561  -230.438869576  -230.632972561  -230.498293961
    84.700  -230.633522114  -230.438180389  -230.633522114  -230.498296491
    84.800  -230.633929357  -230.437501533  -230.633929357  -230.498298678
    84.900  -230.634167442  -230.436812245  -230.634167442  -230.498300506
    85.000  -230.634211915  -230.436093534  -230.634211915  -230.498302078
    85.100  -230.634040734  -230.435332785  -230.634040734  -230.498302722
    85.200  -230.633638792  -230.434510853  -230.633638792  -230.498304634
    85.300  -230.632990175  -230.433621345  -230.632990175  -230.498304297
    85.400  -230.632091972  -230.432658355  -230.632091972  -230.498305546
    85.500  -230.630939410  -230.431622216  -230.630939410  -230.498304078
    85.600  -230.629543248  -230.430516659  -230.629543248  -230.498304364
    85.700  -230.627912263  -230.429351236  -230.627912263  -230.498301851
    85.800  -230.626071254  -230.428136968  -230.626071254  -230.498300871
    85.900  -230.624044380  -230.426890131  -230.624044380  -230.498298145
    86.000  -230.621868429  -230.425632956  -230.621868429  -230.498296448
    86.100  -230.619582067  -230.424389344  -230.619582067  -230.498294539
    86.200  -230.617229078  -230.423180243  -230.617229078  -230.498291335
    86.300  -230.614859483  -230.422034661  -230.614859483  -230.498288228
    86.400  -230.612523762  -230.420972745  -230.612523762  -230.498284745
    86.500  -230.610273992  -230.420019258  -230.610273992  -230.498281288
    86.600  -230.608161683  -230.419194701  -230.608161683  -230.498278739
    86.700  -230.606231555  -230.418516723  -230.606231555  -230.498274042
    86.800  -230.604532088  -230.417991015  -230.604532088  -230.498272555
    86.900  -230.603096164  -230.417632625  -230.603096164  -230.498270376
    87.000  -230.601954088  -230.417440599  -230.601954088  -230.498268869
    87.100  -230.601126289  -230.417407419  -230.601126289  -230.498268579
    87.200  -230.600621086  -230.417528694  -230.600621086  -230.498267884
    87.300  -230.600439606  -230.417786935  -230.600439606  -230.498268390
    87.400  -230.600571261  -230.418167082  -230.600571261  -230.498270476
    87.500  -230.600993342  -230.418645327  -230.600993342  -230.498272522
    87.600  -230.601676147  -230.419196647  -230.601676147  -230.498275268
    87.700  -230.602580250  -230.419794765  -230.602580250  -230.498277948
    87.800  -230.603660788  -230.420413924  -230.603660788  -230.498281141
    87.900  -230.604866586  -230.421024843  -230.604866586  -230.498284225
    88.000  -230.606143644  -230.421599204  -230.606143644  -230.498287040
    88.100  -230.607438117  -230.422115060  -230.607438117  -230.498290989
    88.200  -230.608693155  -230.422546244  -230.608693155  -230.498293978
    88.300  -230.609857550  -230.422873810  -230.609857550  -230.498297268
    88.400  -230.610882625  -230.423079624  -230.610882625  -230.498300675
    88.500  -230.611723062  -230.423150086  -230.611723062  -230.498301900
    88.600  -230.612345856  -230.423077663  -230.612345856  -230.498304193
    88.700  -230.612720715  -230.422852972  -230.612720715  -230.498305687
    88.800  -230.612827375  -230.422477904  -230.612827375  -230.498305900
    88.900  -230.612656319  -230.421953792  -230.612656319  -230.498305878
    89.000  -230.612205448  -230.421286337  -230.612205448  -230.498304563
    89.100  -230.611484886  -230.420488889  -230.611484886  -230.498303539
    89.200  -230.610511946  -230.419581183  -230.610511946  -230.498302212
    89.300  -230.609312917  -230.418583159  -230.609312917  -230.498300086
    89.400  -230.607922887  -230.417521908  -230.607922887  -230.498297335
    89.500  -230.606383871  -230.416427848  -230.606383871  -230.498293989
    89.600  -230.604744405  -230.415336208  -230.604744405  -230.498290844
    89.700  -230.603055682  -230.414282826  -230.603055682  -230.498287186
    89.800  -230.601372990  -230.413308912  -230.601372990  -230.498284061
    89.900  -230.599749669  -230.412452641  -230.599749669  -230.498280226
    90.000  -230.598240736  -230.411748729  -230.598240736  -230.498277888
    90.100  -230.596892823  -230.411236225  -230.596892823  -230.498274756
    90.200  -230.595750296  -230.410945323  -230.595750296  -230.498272167
    90.300  -230.594848453  -230.410898584  -230.594848453  -230.498270057
    90.400  -230.594213686  -230.411117096  -230.594213686  -230.498268555
    90.500  -230.593864255  -230.411610776  -230.593864255  -230.498269727
    90.600  -230.593801733  -230.412378029  -230.593801733  -230.498269487
    90.700  -230.594023407  -230.413414335  -230.594023407  -230.498269900
    90.800  -230.594516001  -230.414702351  -230.594516001  -230.498272291
    90.900  -230.595252981  -230.416223371  -230.595252981  -230.498273462
    91.000  -230.596207030  -230.417945415  -230.596207030  -230.498276701
    91.100  -230.597338038  -230.419836029  -230.597338038  -230.498278073
    91.200  -230.598609647  -230.421857485  -230.598609647  -230.498281128
    91.300  -230.599977891  -230.423973313  -230.599977891  -230.498283742
    91.400  -230.601401585  -230.426145397  -230.601401585  -230.498286817
    91.500  -230.602837962  -230.428334440  -230.602837962  -230.498288445
    91.600  -230.604251057  -230.430507128  -230.604251057  -230.498291096
    91.700  -230.605603578  -230.432630174  -230.605603578  -230.498292584
    91.800  -230.606865758  -230.434675919  -230.606865758  -230.498294315
    91.900  -230.608010436  -230.436618661  -230.608010436  -230.498296038
    92.000  -230.609014730  -230.438436520  -230.609014730  -230.498297434
    92.100  -230.609860167  -230.440114128  -230.609860167  -230.498298347
    92.200  -230.610532261  -230.441635366  -230.610532261  -230.498298607
    92.300  -230.611020866  -230.442989816  -230.611020866  -230.498298730
    92.400  -230.611319632  -230.444173110  -230.611319632  -230.498299761
    92.500  -230.611421320  -230.445176856  -230.611421320  -230.498298993
    92.600  -230.611326325  -230.445999971  -230.611326325  -230.498298875
    92.700  -230.611034452  -230.446642586  -230.611034452  -230.498299116
    92.800  -230.610546693  -230.447105130  -230.610546693  -230.498298747
    92.900  -230.609867414  -230.447390126  -230.609867414  -230.498298502
    93.000  -230.609001890  -230.447500153  -230.609001890  -230.498298473
    93.100  -230.607955388  -230.447441305  -230.607955388  -230.498297242
    93.200  -230.606738262  -230.447219391  -230.606738262  -230.498296934
    93.300  -230.605358297  -230.446840660  -230.605358297  -230.498295483
    93.400  -230.603829244  -230.446312503  -230.603829244  -230.498295009
    93.500  -230.602164578  -230.445641295  -230.602164578  -230.498295419
    93.600  -230.600376237  -230.444835893  -230.600376237  -230.498292962
    93.700  -230.598486668  -230.443907450  -230.598486668  -230.498292136
    93.800  -230.596514728  -230.442861815  -230.596514728  -230.498291481
    93.900  -230.594480970  -230.441713355  -230.594480970  -230.498288863
    94.000  -230.592413522  -230.440470922  -230.592413522  -230.498287457
    94.100  -230.590338451  -230.439143194  -230.590338451  -230.498286353
    94.200  -230.588282749  -230.437744050  -230.588282749  -230.498283954
    94.300  -230.586278780  -230.436280149  -230.586278780  -230.498282993
    94.400  -230.584354088  -230.434766612  -230.584354088  -230.498281076
    94.500  -230.582539437  -230.433210801  -230.582539437  -230.498279583
    94.600  -230.580862800  -230.431628405  -230.580862800  -230.498278621
    94.700  -230.579348038  -230.430023468  -230.579348038  -230.498276687
    94.800  -230.578019244  -230.428412350  -230.578019244  -230.498275949
    94.900  -230.576893248  -230.426803371  -230.576893248  -230.498275562
    95.000  -230.575982410  -230.425209535  -230.575982410  -230.498275044
    95.100  -230.575294959  -230.423639747  -230.575294959  -230.498274906
    95.200  -230.574834066  -230.422111567  -230.574834066  -230.498275657
    95.300  -230.574597180  -230.420636394  -230.574597180  -230.498276677
    95.400  -230.574577547  -230.419232751  -230.574577547  -230.498276905
    95.500  -230.574768226  -230.417917886  -230.574768226  -230.498277686
    95.600  -230.575159400  -230.416717533  -230.575159400  -230.498278677
    95.700  -230.575741506  -230.415653974  -230.575741506  -230.498279475
    95.800  -230.576506593  -230.414759698  -230.576506593  -230.498279517
    95.900  -230.577451084  -230.414059431  -230.577451084  -230.498279616
    96.000  -230.578574416  -230.413591010  -230.578574416  -230.498279746
    96.100  -230.579879177  -230.413386500  -230.579879177  -230.498278848
    96.200  -230.581374903  -230.413480060  -230.581374903  -230.498278898
    96.300  -230.583070014  -230.413903496  -230.583070014  -230.498277712
    96.400  -230.584977450  -230.414686938  -230.584977450  -230.498276029
    96.500  -230.587110913  -230.415848867  -230.587110913  -230.498275633
    96.600  -230.589478892  -230.417405601  -230.589478892  -230.498275491
    96.700  -230.592086375  -230.419361241  -230.592086375  -230.498275613
    96.800  -230.594931445  -230.421711651  -230.594931445  -230.498275552
    96.900  -230.598005091  -230.424439693  -230.598005091  -230.498275684
    97.000  -230.601290895  -230.427515828  -230.601290895  -230.498277739
    97.100  -230.604759470  -230.430903961  -230.604759470  -230.498279353
    97.200  -230.608377396  -230.434554395  -230.608377396  -230.498282399
    97.300  -230.612100872  -230.438410657  -230.612100872  -230.498285338
    97.400  -230.615882740  -230.442413791  -230.615882740  -230.498288437
    97.500  -230.619671950  -230.446505017  -230.619671950  -230.498291057
    97.600  -230.623418087  -230.450619125  -230.623418087  -230.498293888
    97.700  -230.627071332  -230.454694463  -230.627071332  -230.498296663
    97.800  -230.630585598  -230.458674636  -230.630585598  -230.498299283
    97.900  -230.633920730  -230.462512730  -230.633920730  -230.498302372
    98.000  -230.637039437  -230.466160082  -230.637039437  -230.498302996
    98.100  -230.639917932  -230.469582861  -230.639917932  -230.498304547
    98.200  -230.642533259  -230.472749335  -230.642533259  -230.498303772
    98.300  -230.644876493  -230.475636993  -230.644876493  -230.498304061
    98.400  -230.646941422  -230.478228912  -230.646941422  -230.498304552
    98.500  -230.648727146  -230.480516053  -230.648727146  -230.498303401
    98.600  -230.650241803  -230.482494778  -230.650241803  -230.498302350
    98.700  -230.651495905  -230.484160703  -230.651495905  -230.498300996
    98.800  -230.652505198  -230.485525433  -230.652505198  -230.498300617
    98.900  -230.653283530  -230.486586405  -230.653283530  -230.498297997
    99.000  -230.653853867  -230.487358967  -230.653853867  -230.498297320
    99.100  -230.654233614  -230.487851335  -230.654233614  -230.498296312
    99.200  -230.654442351  -230.488073584  -230.654442351  -230.498294672
    99.300  -230.654499706  -230.488039970  -230.654499706  -230.498292547
    99.400  -230.654426372  -230.487763122  -230.654426372  -230.498292032
    99.500  -230.654237449  -230.487254835  -230.654237449  -230.498290894
    99.600  -230.653950251  -230.486525292  -230.653950251  -230.498290656
    99.700  -230.653576018  -230.485589539  -230.653576018  -230.498288486
    99.800  -230.653130657  -230.484456780  -230.653130657  -230.498288044
    99.900  -230.652623544  -230.483137640  -230.652623544  -230.498288301
   100.000  -230.652061903  -230.481641885  -230.652061903  -230.498287877
   100.100  -230.651452430  -230.479980325  -230.651452430  -230.498286562
   100.200  -230.650802491  -230.478160696  -230.650802491  -230.498286365
   100.300  -230.650115073  -230.476196578  -230.650115073  -230.498286270
   100.400  -230.649393831  -230.474092995  -230.649393831  -230.498287062
   100.500  -230.648638497  -230.471860448  -230.648638497  -230.498286486
   100.600  -230.647852859  -230.469508117  -230.647852859  -230.498286956
   100.700  -230.647036273  -230.467043550  -230.647036273  -230.498286794
   100.800  -230.646189930  -230.464481817  -230.646189930  -230.498286228
   100.900  -230.645316326  -230.461829978  -230.645316326  -230.498286591
   101.000  -230.644416165  -230.459102187  -230.644416165  -230.498286986
   101.100  -230.643490579  -230.456309741  -230.643490579  -230.498286290
   101.200  -230.642545002  -230.453462830  -230.642545002  -230.498286859
   101.300  -230.641580172  -230.450577402  -230.641580172  -230.498285404
   101.400  -230.640604458  -230.447667456  -230.640604458  -230.498285253
   101.500  -230.639622975  -230.444746350  -230.639622975  -230.498285471
   101.600  -230.638642434  -230.441827285  -230.638642434  -230.498285773
   101.700  -230.637669293  -230.438929205  -230.637669293  -230.498284821
   101.800  -230.636714065  -230.436061340  -230.636714065  -230.498284729
   101.900  -230.635783780  -230.433238613  -230.635783780  -230.498283803
   102.000  -230.634887654  -230.430471959  -230.634887654  -230.498282527
   102.100  -230.634035743  -230.427771213  -230.634035743  -230.498282568
   102.200  -230.633233330  -230.425145813  -230.633233330  -230.498281542
   102.300  -230.632488565  -230.422601167  -230.632488565  -230.498281033
   102.400  -230.631806683  -230.420140636  -230.631806683  -230.498281166
   102.500  -230.631191554  -230.417766840  -230.631191554  -230.498282470
   102.600  -230.630641395  -230.415475100  -230.630641395  -230.498281853
   102.700  -230.630158446  -230.413258991  -230.630158446  -230.498282456
   102.800  -230.629738654  -230.411116077  -230.629738654  -230.498283445
   102.900  -230.629374601  -230.409035875  -230.629374601  -230.498282935
   103.000  -230.629061199  -230.407001954  -230.629061199  -230.498283609
   103.100  -230.628788378  -230.405005179  -230.628788378  -230.498285227
   103.200  -230.628541976  -230.403029978  -230.628541976  -230.498285267
   103.300  -230.628311928  -230.401064996  -230.628311928  -230.498286806
   103.400  -230.628081187  -230.399090925  -230.628081187  -230.498287082
   103.500  -230.627837426  -230.397099500  -230.627837426  -230.498288828
   103.600  -230.627562779  -230.395074833  -230.627562779  -230.498289637
   103.700  -230.627243907  -230.393011370  -230.627243907  -230.498291701
   103.800  -230.626862252  -230.390897865  -230.626862252  -230.498291765
   103.900  -230.626405185  -230.388730401  -230.626405185  -230.498292071
   104.000  -230.625859970  -230.386509413  -230.625859970  -230.498294179
   104.100  -230.625209959  -230.384229818  -230.625209959  -230.498295122
   104.200  -230.624442902  -230.381896436  -230.624442902  -230.498295746
   104.300  -230.623547035  -230.379512391  -230.623547035  -230.498296904
   104.400  -230.622509731  -230.377083454  -230.622509731  -230.498298224
   104.500  -230.621318503  -230.374612382  -230.621318503  -230.498299233
   104.600  -230.619962383  -230.372106166  -230.619962383  -230.498300779
   104.700  -230.618428621  -230.369565231  -230.618428621  -230.498301638
   104.800  -230.616706268  -230.366994592  -230.616706268  -230.498301808
   104.900  -230.614788019  -230.364393569  -230.614788019  -230.498303802
   105.000  -230.612664178  -230.361758924  -230.612664178  -230.498305753
   105.100  -230.610327904  -230.359090154  -230.610327904  -230.498305462
   105.200  -230.607781399  -230.356384039  -230.607781399  -230.498305077
   105.300  -230.605031727  -230.353637223  -230.605031727  -230.498305138
   105.400  -230.602092653  -230.350849024  -230.602092653  -230.498304488
   105.500  -230.598988697  -230.348023026  -230.598988697  -230.498302426
   105.600  -230.595758769  -230.345170498  -230.595758769  -230.498300667
   105.700  -230.592450637  -230.342308187  -230.592450637  -230.498296643
   105.800  -230.589130145  -230.339463876  -230.589130145  -230.498292320
   105.900  -230.585872935  -230.336671471  -230.585872935  -230.498286568
   106.000  -230.582768284  -230.333981158  -230.582768284  -230.498280881
   106.100  -230.579911069  -230.331448338  -230.579911069  -230.498274563
   106.200  -230.577402218  -230.329133421  -230.577402218  -230.498269704
   106.300  -230.575335426  -230.327107826  -230.575335426  -230.498263481
   106.400  -230.573802111  -230.325434979  -230.573802111  -230.498259364
   106.500  -230.572873424  -230.324173632  -230.572873424  -230.498255473
   106.600  -230.572603793  -230.323376535  -230.572603793  -230.498253904
   106.700  -230.573019559  -230.323080716  -230.573019559  -230.498253938
   106.800  -230.574119900  -230.323304113  -230.574119900  -230.498255750
   106.900  -230.575875355  -230.324044735  -230.575875355  -230.498259605
   107.000  -230.578228746  -230.325286503  -230.578228746  -230.498265210
   107.100  -230.581097109  -230.326993165  -230.581097109  -230.498270060
   107.200  -230.584384316  -230.329109064  -230.584384316  -230.498276860
   107.300  -230.587978044  -230.331573590  -230.587978044  -230.498284294
   107.400  -230.591760701  -230.334316117  -230.591760701  -230.498291425
   107.500  -230.595615617  -230.337264869  -230.595615617  -230.498297629
   107.600  -230.599434479  -230.340347529  -230.599434479  -230.498304582
   107.700  -230.603114962  -230.343499367  -230.603114962  -230.498309556
   107.800  -230.606571354  -230.346661274  -230.606571354  -230.498313010
   107.900  -230.609732411  -230.349779357  -230.609732411  -230.498314676
   108.000  -230.612546097  -230.352815902  -230.612546097  -230.498317685
   108.100  -230.614969647  -230.355740022  -230.614969647  -230.498318964
   108.200  -230.616978355  -230.358529002  -230.616978355  -230.498319044
   108.300  -230.618560308  -230.361170928  -230.618560308  -230.498318271
   108.400  -230.619714877  -230.363659841  -230.619714877  -230.498317025
   108.500  -230.620451056  -230.366001129  -230.620451056  -230.498315823
   108.600  -230.620784367  -230.368199867  -230.620784367  -230.498313940
   108.700  -230.620737817  -230.370270427  -230.620737817  -230.498311917
   108.800  -230.620338252  -230.372231008  -230.620338252  -230.498309258
   108.900  -230.619617979  -230.374098179  -230.619617979  -230.498307179
   109.000  -230.618609502  -230.375898068  -230.618609502  -230.498304260
   109.100  -230.617350117  -230.377649294  -230.617350117  -230.498301762
   109.200  -230.615876998  -230.379378940  -230.615876998  -230.498299282
   109.300  -230.614227689  -230.381106712  -230.614227689  -230.498295708
   109.400  -230.612443472  -230.382860161  -230.612443472  -230.498292960
   109.500  -230.610564161  -230.384660164  -230.610564161  -230.498291138
   109.600  -230.608627215  -230.386527088  -230.608627215  -230.498287978
   109.700  -230.606673522  -230.388478599  -230.606673522  -230.498284997
   109.800  -230.604742541  -230.390534332  -230.604742541  -230.498283048
   109.900  -230.602870207  -230.392705438  -230.602870207  -230.498280692
   110.000  -230.601092686  -230.395006397  -230.601092686  -230.498278455
   110.100  -230.599443590  -230.397444565  -230.599443590  -230.498276613
   110.200  -230.597952462  -230.400023492  -230.597952462  -230.498274265
   110.300  -230.596648497  -230.402744464  -230.596648497  -230.498273647
   110.400  -230.595552030  -230.405606420  -230.595552030  -230.498272204
   110.500  -230.594683130  -230.408602392  -230.594683130  -230.498271715
   110.600  -230.594052454  -230.411725221  -230.594052454  -230.498269597
   110.700  -230.593672947  -230.414958996  -230.593672947  -230.498270955
   110.800  -230.593542037  -230.418293435  -230.593542037  -230.498270988
   110.900  -230.593657906  -230.421707199  -230.593657906  -230.498271335
   111.000  -230.594011300  -230.425181451  -230.594011300  -230.498271787
   111.100  -230.594587855  -230.428695481  -230.594587855  -230.498272361
   111.200  -230.595369428  -230.432228917  -230.595369428  -230.498274218
   111.300  -230.596331713  -230.435759519  -230.596331713  -230.498276720
   111.400  -230.597445446  -230.439264035  -230.597445446  -230.498277956
   111.500  -230.598681544  -230.442719578  -230.598681544  -230.498279100
   111.600  -230.600010146  -230.446107277  -230.600010146  -230.498282593
   111.700  -230.601392641  -230.449404471  -230.601392641  -230.498283291
   111.800  -230.602800764  -230.452595218  -230.602800764  -230.498286668
   111.900  -230.604196691  -230.455663097  -230.604196691  -230.498288049
   112.000  -230.605551820  -230.458589281  -230.605551820  -230.498290604
   112.100  -230.606834026  -230.461365458  -230.606834026  -230.498291906
   112.200  -230.608017987  -230.463974467  -230.608017987  -230.498293689
   112.300  -230.609078746  -230.466406559  -230.609078746  -230.498294988
   112.400  -230.609996161  -230.468654171  -230.609996161  -230.498296337
   112.500  -230.610752530  -230.470708670  -230.610752530  -230.498297314
   112.600  -230.611333356  -230.472565377  -230.611333356  -230.498297406
   112.700  -230.611728905  -230.474212737  -230.611728905  -230.498297829
   112.800  -230.611930850  -230.475649678  -230.611930850  -230.498298575
   112.900  -230.611933016  -230.476865915  -230.611933016  -230.498299671
   113.000  -230.611729165  -230.477860951  -230.611729165  -230.498299523
   113.100  -230.611317541  -230.478625212  -230.611317541  -230.498300024
   113.200  -230.610694426  -230.479152060  -230.610694426  -230.498300590
   113.300  -230.609857176  -230.479433093  -230.609857176  -230.498301530
   113.400  -230.608800693  -230.479465509  -230.608800693  -230.498300627
   113.500  -230.607526080  -230.479236586  -230.607526080  -230.498301629
   113.600  -230.606028351  -230.478739596  -230.606028351  -230.498301462
   113.700  -230.604309275  -230.477968712  -230.604309275  -230.498302263
   113.800  -230.602369386  -230.476917484  -230.602369386  -230.498302252
   113.900  -230.600215291  -230.475591023  -230.600215291  -230.498301675
   114.000  -230.597859074  -230.473986346  -230.597859074  -230.498300693
   114.100  -230.595320073  -230.472118503  -230.595320073  -230.498299651
   114.200  -230.592625500  -230.470001651  -230.592625500  -230.498298377
   114.300  -230.589809857  -230.467664109  -230.589809857  -230.498294632
   114.400  -230.586923386  -230.465141560  -230.586923386  -230.498292164
   114.500  -230.584019124  -230.462477260  -230.584019124  -230.498288076
   114.600  -230.581163423  -230.459725833  -230.581163423  -230.498284510
   114.700  -230.578424649  -230.456952972  -230.578424649  -230.498279391
   114.800  -230.575879384  -230.454220827  -230.575879384  -230.498275523
   114.900  -230.573598473  -230.451605571  -230.573598473  -230.498270251
   115.000  -230.571654993  -230.449175444  -230.571654993  -230.498267512
   115.100  -230.570106161  -230.446998112  -230.570106161  -230.498263989
   115.200  -230.569002667  -230.445130779  -230.569002667  -230.498262478
   115.300  -230.568373935  -230.443622674  -230.568373935  -230.498260600
   115.400  -230.568235667  -230.442503637  -230.568235667  -230.498260853
   115.500  -230.568581091  -230.441790187  -230.568581091  -230.498263175
   115.600  -230.569382366  -230.441481808  -230.569382366  -230.498266336
   115.700  -230.570593852  -230.441559122  -230.570593852  -230.498269850
   115.800  -230.572154150  -230.441989689  -230.572154150  -230.498273472
   115.900  -230.573991900  -230.442723492  -230.573991900  -230.498279507
   116.000  -230.576021929  -230.443709353  -230.576021929  -230.498284863
   116.100  -230.578158752  -230.444881047  -230.578158752  -230.498290217
   116.200  -230.580314788  -230.446175477  -230.580314788  -230.498294002
   116.300  -230.582409929  -230.447525075  -230.582409929  -230.498298147
   116.400  -230.584369597  -230.448874909  -230.584369597  -230.498302925
   116.500  -230.586125163  -230.450164878  -230.586125163  -230.498304907
   116.600  -230.587625702  -230.451345021  -230.587625702  -230.498307046
   116.700  -230.588829743  -230.452382199  -230.588829743  -230.498309513
   116.800  -230.589705529  -230.453235552  -230.589705529  -230.498309728
   116.900  -230.590238118  -230.453890621  -230.590238118  -230.498309788
   117.000  -230.590420047  -230.454325165  -230.590420047  -230.498307897
   117.100  -230.590259877  -230.454532217  -230.590259877  -230.498307989
   117.200  -230.589768162  -230.454511529  -230.589768162  -230.498306959
   117.300  -230.588964572  -230.454260789  -230.588964572  -230.498303147
   117.400  -230.587880714  -230.453792676  -230.587880714  -230.498300540
   117.500  -230.586548370  -230.453116065  -230.586548370  -230.498298345
   117.600  -230.585003162  -230.452245470  -230.585003162  -230.498295918
   117.700  -230.583283115  -230.451196521  -230.583283115  -230.498292493
   117.800  -230.581431041  -230.449987212  -230.581431041  -230.498290622
   117.900  -230.579485284  -230.448636033  -230.579485284  -230.498287867
   118.000  -230.577487126  -230.447163756  -230.577487126  -230.498285046
   118.100  -230.575475735  -230.445589191  -230.575475735  -230.498281927
   118.200  -230.573490618  -230.443930426  -230.573490618  -230.498280326
   118.300  -230.571564273  -230.442210200  -230.571564273  -230.498277324
   118.400  -230.569731836  -230.440444694  -230.569731836  -230.498275396
   118.500  -230.568022989  -230.438653117  -230.568022989  -230.498274726
   118.600  -230.566461201  -230.436848738  -230.566461201  -230.498272776
   118.700  -230.565070801  -230.435053331  -230.565070801  -230.498271610
   118.800  -230.563869705  -230.433277363  -230.563869705  -230.498270791
   118.900  -230.562872548  -230.431534562  -230.562872548  -230.498270611
   119.000  -230.562087394  -230.429839062  -230.562087394  -230.498268802
   119.100  -230.561526068  -230.428199005  -230.561526068  -230.498270802
   119.200  -230.561184696  -230.426623918  -230.561184696  -230.498270131
   119.300  -230.561065980  -230.425122464  -230.561065980  -230.498270434
   119.400  -230.561164967  -230.423700688  -230.561164967  -230.498270937
   119.500  -230.561474229  -230.422361787  -230.561474229  -230.498271259
   119.600  -230.561984455  -230.421112310  -230.561984455  -230.498271567
   119.700  -230.562685365  -230.419953141  -230.562685365  -230.498273021
   119.800  -230.563562082  -230.418890027  -230.563562082  -230.498273650
   119.900  -230.564602145  -230.417917037  -230.564602145  -230.498274857
   120.000  -230.565789851  -230.417040087  -230.565789851  -230.498275252
