  random number   substep     step   probabilities
    0.766833298         1        1    0.000000000    0.000000000
    0.779741790         2        2    0.000000000    0.000000000
    0.484282118         3        3    0.000000000    0.000000000
    0.672882643         4        4    0.000000000    0.000000000
    0.145475524         5        5    0.000000000    0.000000000
    0.035740366         6        6    0.000000000    0.000000000
    0.091600128         7        7    0.000000000    0.000000000
    0.769691006         8        8    0.000000000    0.000000000
    0.791133674         9        9    0.000000000    0.000000000
    0.035325545        10       10    0.000000000    0.000000000
    0.833900683        11       11    0.000000000    0.000000000
    0.687385895        12       12    0.000000000    0.000000000
    0.684310844        13       13    0.000000000    0.000000000
    0.511651001        14       14    0.000000000    0.000000000
    0.802101514        15       15    0.000000000    0.000000000
    0.903669541        16       16    0.000000000    0.000000000
    0.085053075        17       17    0.000000000    0.000000000
    0.744989798        18       18    0.000000000    0.000000000
    0.469777240        19       19    0.000000000    0.000000000
    0.694331005        20       20    0.000000000    0.000000000
    0.382374671        21       21    0.000000000    0.000000000
    0.619381810        22       22    0.000000000    0.000000000
    0.825527055        23       23    0.000000000    0.000000000
    0.817933429        24       24    0.000000000    0.000000000
    0.345698178        25       25    0.000000000    0.000000000
    0.003623792        26       26    0.000000000    0.000000000
    0.213436102        27       27    0.000000000    0.000000000
    0.862584829        28       28    0.000000000    0.000000000
    0.272334305        29       29    0.000000000    0.000000000
    0.178291753        30       30    0.000000000    0.000000000
    0.702330328        31       31    0.000000000    0.000000000
    0.245192909        32       32    0.000000000    0.000000000
    0.689120740        33       33    0.000000000    0.000000000
    0.634737171        34       34    0.000000000    0.000000000
    0.553945347        35       35    0.000000000    0.000000000
    0.212753726        36       36    0.000000000    0.000000000
    0.865841426        37       37    0.000000000    0.000000000
    0.438055985        38       38    0.000000000    0.000000000
    0.587608877        39       39    0.000000000    0.000000000
    0.977138213        40       40    0.000000770    0.000000000
    0.108786101        41       41    0.000007321    0.000000000
    0.043073450        42       42    0.000023388    0.000000000
    0.361470094        43       43    0.000046142    0.000000000
    0.290685320        44       44    0.000072707    0.000000000
    0.667350723        45       45    0.000095508    0.000000000
    0.602704699        46       46    0.000114488    0.000000000
    0.879228055        47       47    0.000137378    0.000000000
    0.635470677        48       48    0.000162580    0.000000000
    0.221574197        49       49    0.000165237    0.000000000
    0.456510421        50       50    0.000167078    0.000000000
    0.116298813        51       51    0.000197353    0.000000000
    0.528138030        52       52    0.000202406    0.000000000
    0.608734612        53       53    0.000197101    0.000000000
    0.406269812        54       54    0.000254146    0.000000000
    0.280620211        55       55    0.000293109    0.000000000
    0.787967311        56       56    0.000300788    0.000000000
    0.055654391        57       57    0.000394953    0.000000000
    0.952203165        58       58    0.000500465    0.000000000
    0.635066254        59       59    0.000616461    0.000000000
    0.127523342        60       60    0.000827006    0.000000000
    0.129737215        61       61    0.001088072    0.000000000
    0.818568645        62       62    0.001429296    0.000000000
    0.425931761        63       63    0.001887887    0.000000000
    0.461249158        64       64    0.002486221    0.000000000
    0.209744123        65       65    0.003238611    0.000000000
    0.454996329        66       66    0.004211177    0.000000000
    0.604148888        67       67    0.005384347    0.000000000
    0.258064400        68       68    0.006744806    0.000000000
    0.243571502        69       69    0.008630078    0.000000000
    0.119169121        70       70    0.010770981    0.000000000
    0.823270653        71       71    0.013029312    0.000000000
    0.788653145        72       72    0.016137890    0.000000000
    0.442767309        73       73    0.019723896    0.000000000
    0.368838178        74       74    0.023189123    0.000000000
    0.034399085        75       75    0.027446140    0.000000000
    0.469674415        76       76    0.032444385    0.000000000
    0.161685938        77       77    0.037323975    0.000000000
    0.056282686        78       78    0.042441151    0.000000000
    0.692972757        79       79    0.047691402    0.000000000
    0.574543812        80       80    0.052886191    0.000000000
    0.264346039        81       81    0.057701126    0.000000000
    0.519846513        82       82    0.061899686    0.000000000
    0.622166432        83       83    0.064713754    0.000000000
    0.774880236        84       84    0.066928269    0.000000000
    0.705011486        85       85    0.068188455    0.000000000
    0.534888713        86       86    0.066812274    0.000000000
    0.956057961        87       87    0.064505163    0.000000000
    0.572213484        88       88    0.061278617    0.000000000
    0.145892939        89       89    0.056490789    0.000000000
    0.534605090        90       90    0.050179613    0.000000000
    0.416108803        91       91    0.043103670    0.000000000
    0.019112280        92       92    0.035735621    0.000000000
   20.000000000        93       93    0.000000000    0.000000000
    0.206946853        94       94    0.000000000    0.001914544
    0.325362285        95       95    0.000000000    0.000000000
    0.894320223        96       96    0.000000000    0.000000000
    0.918245675        97       97    0.000000000    0.000000000
    0.916872221        98       98    0.000000000    0.000000000
    0.651645565        99       99    0.000000000    0.000000000
    0.116709931       100      100    0.000000000    0.000023875
    0.951299345       101      101    0.000000000    0.003988922
    0.576858468       102      102    0.000000000    0.007316467
    0.494443792       103      103    0.000000000    0.010055974
    0.271671834       104      104    0.000000000    0.012072339
    0.893596940       105      105    0.000000000    0.013085667
    0.305862221       106      106    0.000000000    0.013364990
    0.817730645       107      107    0.000000000    0.012694834
    0.791174666       108      108    0.000000000    0.010711615
    0.245624560       109      109    0.000000000    0.007426370
    0.864567079       110      110    0.000000000    0.002879932
    0.040884712       111      111    0.000000000    0.000000000
    0.101275051       112      112    0.000000000    0.000000000
    0.664644117       113      113    0.000000000    0.000000000
    0.840358053       114      114    0.000000000    0.000000000
    0.496424778       115      115    0.000000000    0.000000000
    0.966037894       116      116    0.000000000    0.000000000
    0.245924013       117      117    0.000000000    0.000000000
    0.599621902       118      118    0.000000000    0.000000000
    0.428169820       119      119    0.000000000    0.000000000
    0.818768589       120      120    0.000000000    0.000000000
    0.396984157       121      121    0.000000000    0.000000000
    0.428802839       122      122    0.000000000    0.000000000
    0.512311621       123      123    0.000000000   -0.000000000
    0.998990172       124      124    0.000000000    0.000000000
    0.290873759       125      125    0.000000000    0.000000000
    0.999879038       126      126    0.000000000    0.000000000
    0.818508829       127      127    0.000000000    0.000000000
    0.691496219       128      128    0.000000000    0.000000000
    0.068419636       129      129    0.000000000    0.000000000
    0.136057133       130      130    0.000000000    0.000000000
    0.928471785       131      131    0.000000000    0.000000000
    0.980786178       132      132    0.000000000    0.000000000
    0.307016178       133      133    0.000000000    0.000000000
    0.024453186       134      134    0.000000000    0.000000000
    0.118163927       135      135    0.000000000    0.000566370
    0.982304542       136      136    0.000000000    0.002187297
    0.252721380       137      137    0.000000000    0.003767100
    0.114983849       138      138    0.000000000    0.005185958
    0.993468079       139      139    0.000000000    0.006270889
    0.478759798       140      140    0.000000000    0.006889555
    0.790004262       141      141    0.000000000    0.007045344
    0.237009283       142      142    0.000000000    0.006645532
    0.026641694       143      143    0.000000000    0.003477466
    0.395680142       144      144    0.000000000    0.000000000
    0.586149301       145      145    0.000000000    0.000000000
    0.560045136       146      146    0.000000000   -0.000000000
    0.517901692       147      147    0.000000000    0.000000000
    0.209993129       148      148    0.000000000    0.000000000
    0.413958611       149      149    0.000000000    0.000000000
    0.846537345       150      150    0.000000000    0.000000000
    0.131180048       151      151    0.000000000    0.000000000
    0.277845087       152      152    0.000000000    0.000000000
    0.357017922       153      153    0.000000000    0.000000000
    0.925647746       154      154    0.000000000    0.000000000
    0.785291498       155      155    0.000000000    0.000000000
    0.558534077       156      156    0.000000000    0.000000000
    0.856032295       157      157    0.000000000    0.000000000
    0.428378370       158      158    0.000000000    0.000000000
    0.523056159       159      159    0.000000000    0.000000000
    0.845581406       160      160    0.000000000    0.000000000
    0.550920561       161      161    0.000000000   -0.000000000
    0.881938399       162      162    0.000000000    0.000000000
    0.984019400       163      163    0.000000000    0.000000000
    0.456858750       164      164    0.000000000    0.000000000
    0.322051350       165      165    0.000000000    0.000000000
    0.614298968       166      166    0.000000000    0.000000000
    0.662040822       167      167    0.000000000    0.000000000
    0.922816047       168      168    0.000000000    0.000000000
    0.598034142       169      169    0.000000000    0.000000000
    0.357936849       170      170    0.000000000   -0.000000000
    0.108539906       171      171    0.000000000    0.000000000
    0.813514452       172      172    0.000000000    0.000000000
    0.449455158       173      173    0.000000000    0.000000000
    0.222279277       174      174    0.000000000    0.000000000
    0.332373800       175      175    0.000000000    0.000000000
    0.907675890       176      176    0.000000000    0.000000000
    0.534308152       177      177    0.000000000   -0.000000000
    0.871251443       178      178    0.000000000    0.000000000
    0.677924277       179      179    0.000000000    0.000000000
    0.876436239       180      180    0.000000000    0.000000000
    0.984322395       181      181    0.000000000    0.000000000
    0.634512576       182      182    0.000000000    0.000000000
    0.693838114       183      183    0.000000000   -0.000000000
    0.631748490       184      184    0.000000000    0.000000000
    0.372491923       185      185    0.000000000    0.000000000
    0.456177552       186      186    0.000000000    0.000000000
    0.608811381       187      187    0.000000000    0.000000000
    0.836294145       188      188    0.000000000    0.000000000
    0.652713754       189      189    0.000000000    0.000000000
    0.960207173       190      190    0.000000000    0.000000000
    0.660291421       191      191    0.000000000    0.000000000
    0.373994296       192      192    0.000000000    0.000000000
    0.886815283       193      193    0.000000000    0.000000000
    0.961273567       194      194    0.000000000   -0.000000000
    0.389001420       195      195    0.000000000    0.000000000
    0.890874239       196      196    0.000000000    0.000000000
    0.028272883       197      197    0.000000000    0.000000000
    0.349373068       198      198    0.000000000    0.000000000
    0.522849638       199      199    0.000000000    0.000000000
    0.957965038       200      200    0.000000000    0.000000000
    0.995094916       201      201    0.000000000    0.000000000
    0.168042244       202      202    0.000000000    0.000000000
    0.155488791       203      203    0.000000000    0.000000000
    0.949394886       204      204    0.000000000    0.000000000
    0.520824104       205      205    0.000000000   -0.000000000
    0.551578818       206      206    0.000000000    0.000000000
    0.658158570       207      207    0.000000000    0.000000000
    0.921143755       208      208    0.000000000    0.000000000
    0.952266476       209      209    0.000000000    0.000000000
    0.906339387       210      210    0.000000000    0.000000000
    0.983130701       211      211    0.000000000    0.000000000
    0.677199920       212      212    0.000000000    0.000000000
    0.511652150       213      213    0.000000000    0.000000000
    0.674302838       214      214    0.000000000    0.000000000
    0.790168120       215      215    0.000000000    0.000000000
    0.287835204       216      216    0.000000000   -0.000000000
    0.874813896       217      217    0.000000000    0.000000000
    0.032804007       218      218    0.000000000    0.000000000
    0.433357182       219      219    0.000000000    0.000000000
    0.437350516       220      220    0.000000000    0.000000000
    0.143580967       221      221    0.000000000    0.000000000
    0.765179502       222      222    0.000000000    0.000000000
    0.497396255       223      223    0.000000000    0.000000000
    0.192756129       224      224    0.000000000    0.000000000
    0.058380633       225      225    0.000000000    0.000000000
    0.200591190       226      226    0.000000000    0.000000000
    0.506320088       227      227    0.000000000    0.000000000
    0.135714606       228      228    0.000000000    0.000000000
    0.798909688       229      229    0.000000000    0.000000000
    0.357058824       230      230    0.000000000    0.000000000
    0.191034230       231      231    0.000000000    0.000000000
    0.669764266       232      232    0.000000000    0.000000000
    0.750245012       233      233    0.000000000    0.000000000
    0.773855016       234      234    0.000000000   -0.000000000
    0.940156822       235      235    0.000000000    0.000000000
    0.862748910       236      236    0.000000000    0.000000000
    0.626330850       237      237    0.000000000    0.000000000
    0.121055438       238      238    0.000000000    0.000000000
    0.899420146       239      239    0.000000000    0.000000000
    0.196615480       240      240    0.000000000   -0.000000000
    0.873819255       241      241    0.000000000    0.000000000
    0.596912800       242      242    0.000000000    0.000000000
    0.207956413       243      243    0.000000000    0.000000000
    0.229309069       244      244    0.000000000    0.000000000
    0.829568032       245      245    0.000000000    0.000000000
    0.409878177       246      246    0.000000000    0.000000000
    0.735188103       247      247    0.000000000    0.000000000
    0.221991197       248      248    0.000000000    0.000000000
    0.597306079       249      249    0.000000000    0.000000000
    0.320568356       250      250    0.000000000    0.000000000
    0.576716895       251      251    0.000000000    0.000000000
    0.609865247       252      252    0.000000000    0.000000000
    0.797201175       253      253    0.000000000   -0.000000000
    0.300616492       254      254    0.000000000    0.000000000
    0.792819397       255      255    0.000000000    0.000000000
    0.731287506       256      256    0.000000000    0.000000000
    0.847444099       257      257    0.000000000    0.000000000
    0.542822406       258      258    0.000000000    0.000000000
    0.559173184       259      259    0.000000000    0.000000000
    0.858091360       260      260    0.000000000    0.000000000
    0.555382267       261      261    0.000000000   -0.000000000
    0.687317838       262      262    0.000000000    0.000000000
    0.925239345       263      263    0.000000000    0.000000000
    0.649018671       264      264    0.000000000    0.000000000
    0.060549692       265      265    0.000000000    0.000000000
    0.285740902       266      266    0.000000000    0.000000000
    0.814625101       267      267    0.000000000    0.000000000
    0.249719109       268      268    0.000000000   -0.000000000
    0.408579523       269      269    0.000000000    0.000000000
    0.527537113       270      270    0.000000000    0.000000000
    0.600793544       271      271    0.000000000    0.000000000
    0.282535233       272      272    0.000000000    0.000000000
    0.553336385       273      273    0.000000000    0.000000000
    0.333895630       274      274    0.000000000    0.000000000
    0.367320853       275      275    0.000000000    0.000000000
    0.566139341       276      276    0.000000000    0.000000000
    0.884613717       277      277    0.000000000   -0.000000000
    0.680602719       278      278    0.000000000    0.000000000
    0.097272334       279      279    0.000000000    0.000000000
    0.376967010       280      280    0.000000000    0.000000000
    0.689130010       281      281    0.000000000    0.000000000
    0.782543198       282      282    0.000000000    0.000000000
    0.893482071       283      283    0.000000000    0.000000000
    0.839425210       284      284    0.000000000    0.000000000
    0.522489601       285      285    0.000000000    0.000000000
    0.347038928       286      286    0.000000000   -0.000000000
    0.504158585       287      287    0.000000000    0.000000000
    0.293606680       288      288    0.000000000    0.000000000
    0.466533946       289      289    0.000000000    0.000000000
    0.815792160       290      290    0.000000000    0.000000000
    0.689175717       291      291    0.000000000    0.000000000
    0.432015399       292      292    0.000000000    0.000000000
    0.947838261       293      293    0.000000000    0.000000000
    0.266497739       294      294    0.000000000    0.000000000
    0.724822826       295      295    0.000000000    0.000000000
    0.048940043       296      296    0.000000000   -0.000000000
    0.454686619       297      297    0.000000000    0.000000000
    0.283981075       298      298    0.000000000    0.000000000
    0.915325664       299      299    0.000000000    0.000000000
    0.952903514       300      300    0.000000000    0.000000000
    0.351244807       301      301    0.000000000    0.000000000
    0.835798385       302      302    0.000000000    0.000000000
    0.202078803       303      303    0.000000000    0.000000000
    0.853673888       304      304    0.000000000    0.000000000
    0.225129670       305      305    0.000000000    0.000000000
    0.228299989       306      306    0.000000000    0.000000000
    0.092782642       307      307    0.000000000    0.000000000
    0.985125894       308      308    0.000000000   -0.000000000
    0.306889035       309      309    0.000000000    0.000000000
    0.848970522       310      310    0.000000000    0.000000000
    0.105688286       311      311    0.000000000    0.000000000
    0.863119676       312      312    0.000000000    0.000000000
    0.485900470       313      313    0.000000000    0.000000000
    0.233708756       314      314    0.000000000    0.000000000
    0.137152218       315      315    0.000000000    0.000000000
    0.100010842       316      316    0.000000000    0.000000000
    0.657472286       317      317    0.000000000    0.000000000
    0.297525002       318      318    0.000000000    0.000000000
    0.814218669       319      319    0.000000000    0.000000000
    0.358758368       320      320    0.000000000    0.000000000
    0.845014673       321      321    0.000000000   -0.000000000
    0.057388552       322      322    0.000000000    0.000000000
    0.882341813       323      323    0.000000000    0.000000000
    0.395775070       324      324    0.000000000    0.000000000
    0.277150060       325      325    0.000000000    0.000000000
    0.032272065       326      326    0.000000000    0.000000000
    0.497117164       327      327    0.000000000    0.000000000
    0.852995029       328      328    0.000000000    0.000000000
    0.031097650       329      329    0.000000000    0.000000000
    0.669978568       330      330    0.000000000    0.000000000
    0.970949020       331      331    0.000000000    0.000000000
    0.909351282       332      332    0.000000000    0.000000000
    0.341044010       333      333    0.000000000    0.000000000
    0.472497379       334      334    0.000000000    0.000000000
    0.747456114       335      335    0.000000000    0.000000000
    0.368108738       336      336    0.000000000   -0.000000000
    0.565584822       337      337    0.000000000    0.000000000
    0.409057909       338      338    0.000000000    0.000000000
    0.986083104       339      339    0.000000000    0.000000000
    0.597932330       340      340    0.000000000    0.000000000
    0.038146116       341      341    0.000000000    0.000000000
    0.775761255       342      342    0.000000000    0.000000000
    0.165025165       343      343    0.000000000    0.000000000
    0.039268300       344      344    0.000000000    0.000000000
    0.070261985       345      345    0.000000000    0.000000000
    0.698760118       346      346    0.000000000    0.000000000
    0.834027040       347      347    0.000000000    0.000000000
    0.578844188       348      348    0.000000000    0.000000000
    0.147951590       349      349    0.000000000    0.000000000
    0.865645388       350      350    0.000000000    0.000000000
    0.644024875       351      351    0.000000000    0.000000000
    0.263548429       352      352    0.000000000    0.000000000
    0.038902692       353      353    0.000000000   -0.000000000
    0.929574386       354      354    0.000000000    0.000000000
    0.533704957       355      355    0.000000000    0.000000000
    0.633909532       356      356    0.000000000    0.000000000
    0.536489361       357      357    0.000000000    0.000000000
    0.745557016       358      358    0.000000000    0.000000000
    0.125722647       359      359    0.000000000    0.000000000
    0.385382249       360      360    0.000000000    0.000000000
    0.679752390       361      361    0.000000000    0.000000000
    0.786946921       362      362    0.000000000    0.000000000
    0.597323246       363      363    0.000000000    0.000000000
    0.497976339       364      364    0.000000000    0.000000000
    0.699780451       365      365    0.000000000    0.000000000
    0.133574770       366      366    0.000000000    0.000000000
    0.622465043       367      367    0.000000000    0.000000000
    0.848685824       368      368    0.000000000    0.000000000
    0.598112254       369      369    0.000000000    0.000000000
    0.966607743       370      370    0.000000000    0.000000000
    0.617323456       371      371    0.000000000   -0.000000000
    0.802905794       372      372    0.000000000    0.000000000
    0.853421450       373      373    0.000000000    0.000000000
    0.573487116       374      374    0.000000000    0.000000000
    0.097403847       375      375    0.000000000    0.000000000
    0.011626191       376      376    0.000000000    0.000000000
    0.217732527       377      377    0.000000000    0.000000000
    0.886433435       378      378    0.000000000    0.000000000
    0.691211321       379      379    0.000000000    0.000000000
    0.520746819       380      380    0.000000000    0.000000000
    0.730223394       381      381    0.000000000    0.000000000
    0.354244710       382      382    0.000000000    0.000000000
    0.934989562       383      383    0.000000000    0.000000000
    0.304558219       384      384    0.000000000    0.000000000
    0.057905509       385      385    0.000000000   -0.000000000
    0.402564047       386      386    0.000000000    0.000000000
    0.628646969       387      387    0.000000000    0.000000000
    0.547667042       388      388    0.000000000    0.000000000
    0.222231471       389      389    0.000000000    0.000000000
    0.432404080       390      390    0.000000000    0.000000000
    0.516722126       391      391    0.000000000    0.000000000
    0.777597608       392      392    0.000000000    0.000000000
    0.599432111       393      393    0.000000000    0.000000000
    0.059727718       394      394    0.000000000    0.000000000
    0.897807653       395      395    0.000000000   -0.000000000
    0.381130209       396      396    0.000000000    0.000000000
    0.257580909       397      397    0.000000000    0.000000000
    0.336187757       398      398    0.000000000    0.000000000
    0.073989945       399      399    0.000000000    0.000000000
    0.202907322       400      400    0.000000000    0.000000000
    0.711691650       401      401    0.000000000    0.000000000
    0.674917179       402      402    0.000000000    0.000000000
    0.224355307       403      403    0.000000000    0.000000000
    0.237124440       404      404    0.000000000   -0.000000000
    0.219237693       405      405    0.000000000    0.000000000
    0.341375500       406      406    0.000000000    0.000000000
    0.443075793       407      407    0.000000000    0.000000000
    0.864744598       408      408    0.000000000    0.000000000
    0.038729481       409      409    0.000000000    0.000000000
    0.034148301       410      410    0.000000000    0.000000000
    0.120269588       411      411    0.000000000    0.000000000
    0.294094452       412      412    0.000000000    0.000000000
    0.564298246       413      413    0.000000000    0.000000000
    0.671817571       414      414    0.000000000    0.000000000
    0.552676522       415      415    0.000000000    0.000000000
    0.341258553       416      416    0.000000000    0.000000000
    0.145803489       417      417    0.000000000    0.000000000
    0.860296221       418      418    0.000000000    0.000000000
    0.373663928       419      419    0.000000000   -0.000000000
    0.451466489       420      420    0.000000000    0.000000000
    0.943426323       421      421    0.000000000    0.000000000
    0.484341924       422      422    0.000000000    0.000000000
    0.503457266       423      423    0.000000000    0.000000000
    0.083823934       424      424    0.000000000    0.000000000
    0.616598297       425      425    0.000000000    0.000000000
    0.560155344       426      426    0.000000000   -0.000000000
    0.388939759       427      427    0.000000000    0.000000000
    0.189804223       428      428    0.000000000    0.000000000
    0.533443590       429      429    0.000000000    0.000000000
    0.887788230       430      430    0.000000000    0.000000000
    0.503517929       431      431    0.000000000    0.000000000
    0.030566914       432      432    0.000000000    0.000000000
    0.770584169       433      433    0.000000000   -0.000000000
    0.212061605       434      434    0.000000000    0.000000000
    0.291882622       435      435    0.000000000    0.000000000
    0.282706194       436      436    0.000000000    0.000000000
    0.277701062       437      437    0.000000000    0.000000000
    0.735983261       438      438    0.000000000    0.000000000
    0.910060043       439      439    0.000000000    0.000000000
    0.038517067       440      440    0.000000000    0.000000000
    0.658300769       441      441    0.000000000    0.000000000
    0.148304279       442      442    0.000000000   -0.000000000
    0.358328510       443      443    0.000000000    0.000000000
    0.022603571       444      444    0.000000000    0.000000000
    0.235541648       445      445    0.000000000    0.000000000
    0.763632773       446      446    0.000000000    0.000000000
    0.209113715       447      447    0.000000000    0.000000000
    0.111784161       448      448    0.000000000    0.000000000
    0.415634591       449      449    0.000000000    0.000000000
    0.497530642       450      450    0.000000000    0.000000000
    0.044979653       451      451    0.000000000    0.000000000
    0.463309775       452      452    0.000000000    0.000000000
    0.621458335       453      453    0.000000000   -0.000000000
    0.175619869       454      454    0.000000000    0.000000000
    0.605453762       455      455    0.000000000    0.000000000
    0.588943787       456      456    0.000000000    0.000000000
    0.529742426       457      457    0.000000000    0.000000000
    0.076204959       458      458    0.000000000    0.000000000
    0.481219962       459      459    0.000000000    0.000000000
    0.981488204       460      460    0.000000000    0.000000000
    0.148561173       461      461    0.000000000    0.000000000
    0.381781817       462      462    0.000000000    0.000000000
    0.163849598       463      463    0.000000000    0.000000000
    0.499090107       464      464    0.000000000   -0.000000000
    0.840033087       465      465    0.000000000    0.000000000
    0.567019758       466      466    0.000000000    0.000000000
    0.311781086       467      467    0.000000000    0.000000000
    0.652443097       468      468    0.000000000    0.000000000
    0.956681261       469      469    0.000000000    0.000000000
    0.936156080       470      470    0.000000000    0.000000000
    0.235518067       471      471    0.000000000    0.000000000
    0.511336370       472      472    0.000000000    0.000000000
    0.802636044       473      473    0.000000000    0.000000000
    0.797106173       474      474    0.000000000    0.000000000
    0.625489549       475      475    0.000000000    0.000000000
    0.170407304       476      476    0.000000000    0.000000000
    0.693723039       477      477    0.000000000   -0.000000000
    0.955677127       478      478    0.000000000    0.000000000
    0.923988609       479      479    0.000000000    0.000000000
    0.809635403       480      480    0.000000000    0.000000000
    0.691498069       481      481    0.000000000    0.000000000
    0.150816134       482      482    0.000000000    0.000000000
    0.357580267       483      483    0.000000000    0.000000000
    0.242485892       484      484    0.000000000    0.000000000
    0.682905868       485      485    0.000000000    0.000000000
    0.579118747       486      486    0.000000000    0.000000000
    0.611612938       487      487    0.000000000    0.000000000
    0.078493280       488      488    0.000000000    0.000000000
    0.948930193       489      489    0.000000000    0.000000000
    0.716456661       490      490    0.000000000   -0.000000000
    0.406313584       491      491    0.000000000    0.000000000
    0.792756720       492      492    0.000000000    0.000000000
    0.788646247       493      493    0.000000000    0.000000000
    0.248364190       494      494    0.000000000    0.000000000
    0.918728050       495      495    0.000000000    0.000000000
    0.567558321       496      496    0.000000000    0.000000000
    0.328226471       497      497    0.000000000    0.000000000
    0.025142188       498      498    0.000000000    0.000000000
    0.318419498       499      499    0.000000000    0.000000000
    0.232793404       500      500    0.000000000    0.000000000
    0.116911985       501      501    0.000000000    0.000000000
    0.211114139       502      502    0.000000000    0.000000000
    0.087913979       503      503    0.000000000    0.000000000
    0.013315673       504      504    0.000000000    0.000000000
    0.080948522       505      505    0.000000000    0.000000000
    0.040100719       506      506    0.000000000   -0.000000000
    0.727214526       507      507    0.000000000    0.000000000
    0.784400262       508      508    0.000000000    0.000000000
    0.981757366       509      509    0.000000000    0.000000000
    0.248079743       510      510    0.000000000    0.000000000
    0.994312620       511      511    0.000000000    0.000000000
    0.404731264       512      512    0.000000000    0.000000000
    0.140165734       513      513    0.000000000    0.000000000
    0.834570953       514      514    0.000000000    0.000000000
    0.656310601       515      515    0.000000000    0.000000000
    0.310543688       516      516    0.000000000    0.000000000
    0.851067664       517      517    0.000000000    0.000000000
    0.370962269       518      518    0.000000000    0.000000000
    0.878998951       519      519    0.000000000    0.000000000
    0.902233409       520      520    0.000000000    0.000000000
    0.632692196       521      521    0.000000000    0.000000000
    0.716122200       522      522    0.000000000    0.000000000
    0.283706442       523      523    0.000000000    0.000000000
    0.655502533       524      524    0.000000000   -0.000000000
    0.013447853       525      525    0.000000000    0.000000000
    0.296938131       526      526    0.000000000    0.000000000
    0.296656272       527      527    0.000000000    0.000000000
    0.039817765       528      528    0.000000000    0.000000000
    0.785535544       529      529    0.000000000    0.000000000
    0.879033995       530      530    0.000000000    0.000000000
    0.414671392       531      531    0.000000000    0.000000000
    0.619179859       532      532    0.000000000    0.000000000
    0.494335037       533      533    0.000000000    0.000000000
    0.568007862       534      534    0.000000000    0.000000000
    0.673621953       535      535    0.000000000    0.000000000
    0.350429716       536      536    0.000000000    0.000000000
    0.025824470       537      537    0.000000000    0.000000000
    0.265097308       538      538    0.000000000    0.000000000
    0.550837876       539      539    0.000000000    0.000000000
    0.198022636       540      540    0.000000000    0.000000000
    0.007271095       541      541    0.000000000   -0.000000000
    0.923083874       542      542    0.000000000    0.000000000
    0.621506667       543      543    0.000000000    0.000000000
    0.108756857       544      544    0.000000000    0.000000000
    0.991365906       545      545    0.000000000    0.000000000
    0.790673419       546      546    0.000000000    0.000000000
    0.202798890       547      547    0.000000000    0.000000000
    0.102843916       548      548    0.000000000    0.000000000
    0.250060369       549      549    0.000000000    0.000000000
    0.808980883       550      550    0.000000000    0.000000000
    0.044557421       551      551    0.000000000    0.000000000
    0.472480426       552      552    0.000000000    0.000000000
    0.059739455       553      553    0.000000000    0.000000000
    0.287119220       554      554    0.000000000    0.000000000
    0.570441399       555      555    0.000000000   -0.000000000
    0.848810279       556      556    0.000000000    0.000000000
    0.530024216       557      557    0.000000000    0.000000000
    0.686357475       558      558    0.000000000    0.000000000
    0.013411643       559      559    0.000000000    0.000000000
    0.420478107       560      560    0.000000000    0.000000000
    0.087586837       561      561    0.000000000    0.000000000
    0.279390977       562      562    0.000000000    0.000000000
    0.368396586       563      563    0.000000000    0.000000000
    0.097979078       564      564    0.000000000    0.000000000
    0.341705481       565      565    0.000000000    0.000000000
    0.969026611       566      566    0.000000000   -0.000000000
    0.881343811       567      567    0.000000000    0.000000000
    0.388345728       568      568    0.000000000    0.000000000
    0.143185936       569      569    0.000000000    0.000000000
    0.714600575       570      570    0.000000000    0.000000000
    0.633657950       571      571    0.000000000    0.000000000
    0.892603643       572      572    0.000000000    0.000000000
    0.940476273       573      573    0.000000000    0.000000000
    0.810892019       574      574    0.000000000    0.000000000
    0.809138002       575      575    0.000000000   -0.000000000
    0.912012016       576      576    0.000000000    0.000000000
    0.140349134       577      577    0.000000000    0.000000000
    0.731451730       578      578    0.000000000    0.000000000
    0.657654363       579      579    0.000000000    0.000000000
    0.067666752       580      580    0.000000000    0.000000000
    0.868399174       581      581    0.000000000    0.000000000
    0.757864616       582      582    0.000000000    0.000000000
    0.078251145       583      583    0.000000000   -0.000000000
    0.681567887       584      584    0.000000000    0.000000000
    0.822115867       585      585    0.000000000    0.000000000
    0.891181255       586      586    0.000000000    0.000000000
    0.649839659       587      587    0.000000000    0.000000000
    0.056143349       588      588    0.000000000    0.000000000
    0.458580645       589      589    0.000000000    0.000000000
    0.943772617       590      590    0.000000000   -0.000000000
    0.058143794       591      591    0.000000000    0.000000000
    0.342939161       592      592    0.000000000    0.000000000
    0.085891397       593      593    0.000000000    0.000000000
    0.129342936       594      594    0.000000000    0.000000000
    0.820996441       595      595    0.000000000    0.000000000
    0.818216916       596      596    0.000000000    0.000000000
    0.627252278       597      597    0.000000000   -0.000000000
    0.648363263       598      598    0.000000000    0.000000000
    0.448892370       599      599    0.000000000    0.000000000
    0.752432087       600      600    0.000000000    0.000000000
    0.944635297       601      601    0.000000000    0.000000000
    0.710833057       602      602    0.000000000    0.000000000
    0.058188981       603      603    0.000000000    0.000000000
    0.038286825       604      604    0.000000000   -0.000000000
    0.265688584       605      605    0.000000000    0.000000000
    0.384718781       606      606    0.000000000    0.000000000
    0.935995266       607      607    0.000000000    0.000000000
    0.139501073       608      608    0.000000000    0.000000000
    0.314148774       609      609    0.000000000    0.000000000
    0.982754497       610      610    0.000000000    0.000000000
    0.847179597       611      611    0.000000000    0.000000000
    0.706896927       612      612    0.000000000    0.000000000
    0.765239898       613      613    0.000000000    0.000000000
    0.533737100       614      614    0.000000000    0.000000000
    0.460493835       615      615    0.000000000    0.000000000
    0.997918535       616      616    0.000000000    0.000000000
    0.450416777       617      617    0.000000000   -0.000000000
    0.301570112       618      618    0.000000000    0.000000000
    0.524500182       619      619    0.000000000    0.000000000
    0.441074840       620      620    0.000000000    0.000000000
    0.284730218       621      621    0.000000000    0.000000000
    0.454004145       622      622    0.000000000    0.000000000
    0.173886381       623      623    0.000000000    0.000000000
    0.342434851       624      624    0.000000000    0.000000000
    0.676274560       625      625    0.000000000    0.000000000
    0.038828989       626      626    0.000000000    0.000000000
    0.473548285       627      627    0.000000000    0.000000000
    0.259801874       628      628    0.000000000    0.000000000
    0.163004327       629      629    0.000000000    0.000000000
    0.678225770       630      630    0.000000000   -0.000000000
    0.479688153       631      631    0.000000000    0.000000000
    0.683545934       632      632    0.000000000    0.000000000
    0.838142401       633      633    0.000000000    0.000000000
    0.818827744       634      634    0.000000000    0.000000000
    0.401626521       635      635    0.000000000    0.000000000
    0.488924098       636      636    0.000000000    0.000000000
    0.438404413       637      637    0.000000000   -0.000000000
    0.347629504       638      638    0.000000000    0.000000000
    0.023567885       639      639    0.000000000    0.000000000
    0.209980505       640      640    0.000000000    0.000000000
    0.410809839       641      641    0.000000000    0.000000000
    0.725910450       642      642    0.000000000    0.000000000
    0.498289319       643      643    0.000000000    0.000000000
    0.730594428       644      644    0.000000000   -0.000000000
    0.802612635       645      645    0.000000000    0.000000000
    0.150772253       646      646    0.000000000    0.000000000
    0.745021391       647      647    0.000000000    0.000000000
    0.119061859       648      648    0.000000000    0.000000000
    0.092386685       649      649    0.000000000    0.000000000
    0.557954294       650      650    0.000000000    0.000000000
    0.577013226       651      651    0.000000000    0.000000000
    0.772746522       652      652    0.000000000   -0.000000000
    0.008183999       653      653    0.000000000    0.000000000
    0.319559701       654      654    0.000000000    0.000000000
    0.431035009       655      655    0.000000000    0.000000000
    0.044504999       656      656    0.000000000    0.000000000
    0.903837883       657      657    0.000000000    0.000000000
    0.231542413       658      658    0.000000000    0.000000000
    0.523821855       659      659    0.000000000    0.000000000
    0.745602711       660      660    0.000000000   -0.000000000
    0.979409258       661      661    0.000000000    0.000000000
    0.979897675       662      662    0.000000000    0.000000000
    0.983100142       663      663    0.000000000    0.000000000
    0.560293981       664      664    0.000000000    0.000000000
    0.557991307       665      665    0.000000000    0.000000000
    0.744810863       666      666    0.000000000    0.000000000
    0.944194270       667      667    0.000000000    0.000000000
    0.384385817       668      668    0.000000000    0.000000000
    0.652856106       669      669    0.000000000   -0.000000000
    0.383757504       670      670    0.000000000    0.000000000
    0.420887318       671      671    0.000000000    0.000000000
    0.788922002       672      672    0.000000000    0.000000000
    0.668236152       673      673    0.000000000    0.000000000
    0.689767507       674      674    0.000000000    0.000000000
    0.203758790       675      675    0.000000000    0.000000000
    0.054707011       676      676    0.000000000    0.000000000
    0.072566648       677      677    0.000000000    0.000000000
    0.413601812       678      678    0.000000000   -0.000000000
    0.944035793       679      679    0.000000000    0.000000000
    0.803634849       680      680    0.000000000    0.000000000
    0.573769875       681      681    0.000000000    0.000000000
    0.997065892       682      682    0.000000000    0.000000000
    0.164684647       683      683    0.000000000    0.000000000
    0.189837560       684      684    0.000000000    0.000000000
    0.875148770       685      685    0.000000000    0.000000000
    0.332900112       686      686    0.000000000    0.000000000
    0.632935688       687      687    0.000000000    0.000000000
    0.924984089       688      688    0.000000000    0.000000000
    0.705816138       689      689    0.000000000   -0.000000000
    0.463042154       690      690    0.000000000    0.000000000
    0.272665605       691      691    0.000000000    0.000000000
    0.730968910       692      692    0.000000000    0.000000000
    0.102785599       693      693    0.000000000    0.000000000
    0.121723476       694      694    0.000000000    0.000000000
    0.198129756       695      695    0.000000000    0.000000000
    0.038365705       696      696    0.000000000    0.000000000
    0.724765883       697      697    0.000000000    0.000000000
    0.502025169       698      698    0.000000000    0.000000000
    0.610887521       699      699    0.000000000    0.000000000
    0.103827419       700      700    0.000000000    0.000000000
    0.237255820       701      701    0.000000000   -0.000000000
    0.049993457       702      702    0.000000000    0.000000000
    0.912764614       703      703    0.000000000    0.000000000
    0.077350992       704      704    0.000000000    0.000000000
    0.703317967       705      705    0.000000000    0.000000000
    0.358253986       706      706    0.000000000    0.000000000
    0.470601850       707      707    0.000000000    0.000000000
    0.076771489       708      708    0.000000000    0.000000000
    0.316454225       709      709    0.000000000    0.000000000
    0.224556397       710      710    0.000000000    0.000000000
    0.431045309       711      711    0.000000000    0.000000000
    0.719150938       712      712    0.000000000    0.000000000
    0.747005831       713      713    0.000000000    0.000000000
    0.072878825       714      714    0.000000000    0.000000000
    0.846823852       715      715    0.000000000    0.000000000
    0.207232087       716      716    0.000000000   -0.000000000
    0.923328471       717      717    0.000000000    0.000000000
    0.506048647       718      718    0.000000000    0.000000000
    0.885082279       719      719    0.000000000    0.000019715
    0.236297798       720      720    0.000000000    0.000098412
    0.288327205       721      721    0.000000000    0.000232575
    0.893196314       722      722    0.000000000    0.000384949
    0.637297358       723      723    0.000000000    0.000559084
    0.942007386       724      724    0.000000000    0.000769196
    0.344520258       725      725    0.000000000    0.000979522
    0.121773105       726      726    0.000000000    0.001195730
    0.383092717       727      727    0.000000000    0.001426584
    0.740144148       728      728    0.000000000    0.001664748
    0.242468409       729      729    0.000000000    0.001926808
    0.575394685       730      730    0.000000000    0.002217453
    0.701860892       731      731    0.000000000    0.002526939
    0.270683094       732      732    0.000000000    0.002880469
    0.013412878       733      733    0.000000000    0.003268301
    0.425695175       734      734    0.000000000    0.003674518
    0.128443440       735      735    0.000000000    0.004121254
    0.117921232       736      736    0.000000000    0.004595106
    0.475543962       737      737    0.000000000    0.005087543
    0.921884769       738      738    0.000000000    0.005550713
    0.971644624       739      739    0.000000000    0.006016455
    0.470986584       740      740    0.000000000    0.006445774
    0.318911878       741      741    0.000000000    0.006737647
    0.538543858       742      742    0.000000000    0.006869926
    0.545213221       743      743    0.000000000    0.006887543
    0.132378167       744      744    0.000000000    0.006759907
    0.214283826       745      745    0.000000000    0.006377938
    0.685324492       746      746    0.000000000    0.005802580
    0.806723474       747      747    0.000000000    0.005078561
    0.652995735       748      748    0.000000000    0.004167565
    0.542617072       749      749    0.000000000    0.003166936
    0.071389699       750      750    0.000000000    0.002134105
    0.144947480       751      751    0.000000000    0.001123239
    0.529362066       752      752    0.000000000    0.000218005
    0.369290662       753      753    0.000000000    0.000000000
    0.304508293       754      754    0.000000000    0.000000000
    0.974386113       755      755    0.000000000    0.000000000
    0.552102699       756      756    0.000000000    0.000000000
    0.875628256       757      757    0.000000000    0.000000000
    0.900852022       758      758    0.000000000    0.000000000
    0.373866803       759      759    0.000000000    0.000060744
    0.867816691       760      760    0.000000000    0.000000000
    0.004236367       761      761    0.000000000    0.000000000
    0.235446199       762      762    0.000000000    0.000000000
    0.480160105       763      763    0.000000000    0.000000000
    0.306835503       764      764    0.000000000    0.000000000
    0.221013917       765      765    0.000000000    0.000000000
    0.940196824       766      766    0.000000000    0.000000000
    0.759907904       767      767    0.000000000    0.000000000
    0.626453073       768      768    0.000000000    0.000000000
    0.559526788       769      769    0.000000000    0.000000000
    0.352128827       770      770    0.000000000    0.000000000
    0.637893961       771      771    0.000000000    0.000000000
    0.691367306       772      772    0.000000000    0.000000000
    0.234006984       773      773    0.000000000    0.000000000
    0.896424304       774      774    0.000000000    0.000000000
    0.629225127       775      775    0.000000000    0.000000000
    0.554102873       776      776    0.000000000   -0.000000000
    0.394041144       777      777    0.000000000    0.000000000
    0.728804740       778      778    0.000000000    0.000000000
    0.031894066       779      779    0.000000000    0.000000000
    0.839197780       780      780    0.000000000    0.000000000
    0.256609804       781      781    0.000000000    0.000000000
    0.658340713       782      782    0.000000000    0.000000000
    0.422580450       783      783    0.000000000    0.000000000
    0.736613141       784      784    0.000000000    0.000000000
    0.561279169       785      785    0.000000000    0.000000000
    0.667366775       786      786    0.000000000    0.000000000
    0.631813699       787      787    0.000000000    0.000000000
    0.285853360       788      788    0.000000000    0.000000000
    0.427266926       789      789    0.000000000    0.000000000
    0.692452616       790      790    0.000000000    0.000000000
    0.107327089       791      791    0.000000000    0.000000000
    0.608882391       792      792    0.000000000   -0.000000000
    0.561775170       793      793    0.000000000    0.000000000
    0.736211149       794      794    0.000000000    0.000000000
    0.314520025       795      795    0.000000000    0.000000000
    0.365012824       796      796    0.000000000    0.000000000
    0.715609390       797      797    0.000000000    0.000000000
    0.972868815       798      798    0.000000000    0.000000000
    0.032004235       799      799    0.000000000    0.000000000
    0.267792103       800      800    0.000000000    0.000000000
    0.065160064       801      801    0.000000000    0.000000000
    0.406567320       802      802    0.000000000    0.000000000
    0.719328437       803      803    0.000000000    0.000000000
    0.491610504       804      804    0.000000000    0.000000000
    0.158152843       805      805    0.000000000   -0.000000000
    0.721135112       806      806    0.000000000    0.000000000
    0.233664964       807      807    0.000000000    0.000000000
    0.169781878       808      808    0.000000000    0.000000000
    0.441298296       809      809    0.000000000    0.000000000
    0.509202510       810      810    0.000000000    0.000000000
    0.989632013       811      811    0.000000000    0.000000000
    0.838080678       812      812    0.000000000    0.000000000
    0.140703518       813      813    0.000000000    0.000000000
    0.538510692       814      814    0.000000000    0.000000000
    0.621912835       815      815    0.000000000    0.000000000
    0.584619832       816      816    0.000000000    0.000000000
    0.703980545       817      817    0.000000000   -0.000000000
    0.453948879       818      818    0.000000000    0.000000000
    0.547719142       819      819    0.000000000    0.000000000
    0.381735577       820      820    0.000000000    0.000000000
    0.907028389       821      821    0.000000000    0.000000000
    0.576018033       822      822    0.000000000    0.000000000
    0.721046936       823      823    0.000000000    0.000000000
    0.848015684       824      824    0.000000000    0.000000000
    0.613940561       825      825    0.000000000    0.000000000
    0.603423487       826      826    0.000000000    0.000000000
    0.750995170       827      827    0.000000000    0.000000000
    0.849499034       828      828    0.000000000   -0.000000000
    0.111783160       829      829    0.000000000    0.000000000
    0.889014079       830      830    0.000000000    0.000000000
    0.147580354       831      831    0.000000000    0.000000000
    0.837604745       832      832    0.000000000    0.000000000
    0.728106835       833      833    0.000000000    0.000000000
    0.794169241       834      834    0.000000000    0.000000000
    0.503505470       835      835    0.000000000    0.000000000
    0.714092782       836      836    0.000000000    0.000000000
    0.867693184       837      837    0.000000000   -0.000000000
    0.803444705       838      838    0.000000000    0.000000000
    0.524052270       839      839    0.000000000    0.000000000
    0.067926137       840      840    0.000000000    0.000000000
    0.750297083       841      841    0.000000000    0.000000000
    0.491587831       842      842    0.000000000    0.000000000
    0.497022384       843      843    0.000000000    0.000000000
    0.944725446       844      844    0.000000000    0.000000000
    0.785596827       845      845    0.000000000   -0.000000000
    0.890284820       846      846    0.000000000    0.000000000
    0.041157537       847      847    0.000000000    0.000000000
    0.778432275       848      848    0.000000000    0.000000000
    0.894911426       849      849    0.000000000    0.000000000
    0.810346532       850      850    0.000000000    0.000000000
    0.019228736       851      851    0.000000000    0.000000000
    0.493591460       852      852    0.000000000    0.000000000
    0.764187407       853      853    0.000000000   -0.000000000
    0.105356912       854      854    0.000000000    0.000000000
    0.318563607       855      855    0.000000000    0.000000000
    0.837054380       856      856    0.000000000    0.000000000
    0.227108500       857      857    0.000000000    0.000000000
    0.929803486       858      858    0.000000000    0.000000000
    0.120900994       859      859    0.000000000    0.000000000
    0.269880076       860      860    0.000000000    0.000000000
    0.684433035       861      861    0.000000000   -0.000000000
    0.556022124       862      862    0.000000000    0.000000000
    0.298360602       863      863    0.000000000    0.000000000
    0.993002209       864      864    0.000000000    0.000000000
    0.744594200       865      865    0.000000000    0.000000000
    0.157336277       866      866    0.000000000    0.000000000
    0.097993054       867      867    0.000000000    0.000000000
    0.664697950       868      868    0.000000000    0.000000000
    0.915558512       869      869    0.000000000   -0.000000000
    0.825798862       870      870    0.000000000    0.000000000
    0.197979806       871      871    0.000000000    0.000000000
    0.854150171       872      872    0.000000000    0.000000000
    0.993207430       873      873    0.000000000    0.000000000
    0.383373776       874      874    0.000000000    0.000000000
    0.324098170       875      875    0.000000000    0.000000000
    0.255842059       876      876    0.000000000    0.000000000
    0.283168833       877      877    0.000000000   -0.000000000
    0.434306252       878      878    0.000000000    0.000000000
    0.432311656       879      879    0.000000000    0.000000000
    0.392969495       880      880    0.000000000    0.000000000
    0.022612611       881      881    0.000000000    0.000000000
    0.687196736       882      882    0.000000000    0.000000000
    0.287385484       883      883    0.000000000    0.000000000
    0.859818969       884      884    0.000000000    0.000000000
    0.446213314       885      885    0.000000000   -0.000000000
    0.101754437       886      886    0.000000000    0.000000000
    0.783275968       887      887    0.000000000    0.000000000
    0.450448090       888      888    0.000000000    0.000000000
    0.082470397       889      889    0.000000000    0.000000000
    0.480593608       890      890    0.000000000    0.000000000
    0.844318599       891      891    0.000000000    0.000000000
    0.679119847       892      892    0.000000000    0.000000000
    0.097596263       893      893    0.000000000   -0.000000000
    0.348703698       894      894    0.000000000    0.000000000
    0.967355006       895      895    0.000000000    0.000000000
    0.973630657       896      896    0.000000000    0.000000000
    0.334537234       897      897    0.000000000    0.000000000
    0.923205888       898      898    0.000000000    0.000000000
    0.741809227       899      899    0.000000000    0.000000000
    0.921111447       900      900    0.000000000    0.000000000
    0.302079752       901      901    0.000000000   -0.000000000
    0.394028904       902      902    0.000000000    0.000000000
    0.481264564       903      903    0.000000000    0.000000000
    0.798873769       904      904    0.000000000    0.000000000
    0.182911177       905      905    0.000000000    0.000000000
    0.681404668       906      906    0.000000000    0.000000000
    0.197412623       907      907    0.000000000    0.000000000
    0.306713828       908      908    0.000000000    0.000000000
    0.171505735       909      909    0.000000000    0.000000000
    0.308006353       910      910    0.000000000   -0.000000000
    0.874173057       911      911    0.000000000    0.000000000
    0.537199419       912      912    0.000000000    0.000000000
    0.168801380       913      913    0.000000000    0.000000000
    0.357315683       914      914    0.000000000    0.000000000
    0.601796439       915      915    0.000000000    0.000000000
    0.040164738       916      916    0.000000000    0.000000000
    0.590173422       917      917    0.000000000    0.000000000
    0.258594252       918      918    0.000000000   -0.000000000
    0.501909461       919      919    0.000000000    0.000000000
    0.671766025       920      920    0.000000000    0.000000000
    0.725210303       921      921    0.000000000    0.000000000
    0.498999097       922      922    0.000000000    0.000000000
    0.083933804       923      923    0.000000000    0.000000000
    0.099526911       924      924    0.000000000    0.000000000
    0.448435394       925      925    0.000000000    0.000000000
    0.065699881       926      926    0.000000000    0.000000000
    0.602960895       927      927    0.000000000   -0.000000000
    0.621725633       928      928    0.000000000    0.000000000
    0.551590207       929      929    0.000000000    0.000000000
    0.603140885       930      930    0.000000000    0.000000000
    0.917534552       931      931    0.000000000    0.000000000
    0.756269265       932      932    0.000000000    0.000000000
    0.499392356       933      933    0.000000000    0.000000000
    0.401800797       934      934    0.000000000    0.000000000
    0.604631306       935      935    0.000000000    0.000000000
    0.679112473       936      936    0.000000000    0.000000000
    0.588713925       937      937    0.000000000   -0.000000000
    0.160366299       938      938    0.000000000    0.000000000
    0.244929242       939      939    0.000000000    0.000000000
    0.353349199       940      940    0.000000000    0.000000000
    0.077487530       941      941    0.000000000    0.000000000
    0.148350082       942      942    0.000000000    0.000000000
    0.909258337       943      943    0.000000000    0.000000000
    0.621922633       944      944    0.000000000    0.000000000
    0.255453433       945      945    0.000000000    0.000000000
    0.798328330       946      946    0.000000000    0.000000000
    0.220482695       947      947    0.000000000   -0.000000000
    0.629261873       948      948    0.000000000    0.000000000
    0.835408007       949      949    0.000000000    0.000000000
    0.009712066       950      950    0.000000000    0.000000000
    0.872133937       951      951    0.000000000    0.000000000
    0.497642934       952      952    0.000000000    0.000000000
    0.890532781       953      953    0.000000000    0.000000000
    0.308957310       954      954    0.000000000    0.000000000
    0.571990959       955      955    0.000000000    0.000000000
    0.196005348       956      956    0.000000000    0.000000000
    0.261360721       957      957    0.000000000   -0.000000000
    0.785077175       958      958    0.000000000    0.000000000
    0.322882284       959      959    0.000000000    0.000000000
    0.501212897       960      960    0.000000000    0.000000000
    0.773986900       961      961    0.000000000    0.000000000
    0.439503883       962      962    0.000000000    0.000000000
    0.025479885       963      963    0.000000000    0.000000000
    0.259236777       964      964    0.000000000    0.000000000
    0.952434961       965      965    0.000000000    0.000000000
    0.702914633       966      966    0.000000000   -0.000000000
    0.211797138       967      967    0.000000000    0.000000000
    0.665840069       968      968    0.000000000    0.000000000
    0.343996281       969      969    0.000000000    0.000000000
    0.057502649       970      970    0.000000000    0.000000000
    0.775812222       971      971    0.000000000    0.000000000
    0.615126401       972      972    0.000000000    0.000000000
    0.310908110       973      973    0.000000000    0.000000000
    0.311778801       974      974    0.000000000    0.000000000
    0.299378190       975      975    0.000000000   -0.000000000
    0.708357172       976      976    0.000000000    0.000000000
    0.311175440       977      977    0.000000000    0.000000000
    0.263951709       978      978    0.000000000    0.000000000
    0.709999362       979      979    0.000000000    0.000000000
    0.494229581       980      980    0.000000000    0.000000000
    0.099858849       981      981    0.000000000    0.000000000
    0.504838573       982      982    0.000000000    0.000000000
    0.004180465       983      983    0.000000000   -0.000000000
    0.257695783       984      984    0.000000000    0.000000000
    0.731304804       985      985    0.000000000    0.000000000
    0.667037233       986      986    0.000000000    0.000000000
    0.626679565       987      987    0.000000000    0.000000000
    0.616485952       988      988    0.000000000    0.000000000
    0.748562057       989      989    0.000000000    0.000000000
    0.235913988       990      990    0.000000000    0.000000000
    0.421837350       991      991    0.000000000    0.000000000
    0.171578250       992      992    0.000000000   -0.000000000
    0.072230399       993      993    0.000000000    0.000000000
    0.109949579       994      994    0.000000000    0.000000000
    0.803932824       995      995    0.000000000    0.000000000
    0.350997906       996      996    0.000000000    0.000000000
    0.563959088       997      997    0.000000000    0.000000000
    0.029687513       998      998    0.000000000    0.000000000
    0.541398052       999      999    0.000000000    0.000000000
    0.825117561      1000     1000    0.000000000    0.000000000
    0.743077471      1001     1001    0.000000000    0.000000000
    0.505595707      1002     1002    0.000000000   -0.000000000
    0.688303061      1003     1003    0.000000000    0.000000000
    0.320515920      1004     1004    0.000000000    0.000000000
    0.558847832      1005     1005    0.000000000    0.000000000
    0.131334250      1006     1006    0.000000000    0.000000000
    0.148233502      1007     1007    0.000000000    0.000000000
    0.331685598      1008     1008    0.000000000    0.000000000
    0.192025636      1009     1009    0.000000000    0.000000000
    0.244841338      1010     1010    0.000000000   -0.000000000
    0.351885370      1011     1011    0.000000000    0.000000000
    0.723454632      1012     1012    0.000000000    0.000000000
    0.170277305      1013     1013    0.000000000    0.000000000
    0.979212956      1014     1014    0.000000000    0.000000000
    0.054265499      1015     1015    0.000000000    0.000000000
    0.844906728      1016     1016    0.000000000    0.000000000
    0.582556007      1017     1017    0.000000000    0.000000000
    0.205021188      1018     1018    0.000000000   -0.000000000
    0.245372083      1019     1019    0.000000000    0.000000000
    0.080569247      1020     1020    0.000000000    0.000000000
    0.230300074      1021     1021    0.000000000    0.000000000
    0.481057851      1022     1022    0.000000000    0.000000000
    0.624180749      1023     1023    0.000000000    0.000000000
    0.488524926      1024     1024    0.000000000    0.000000000
    0.548740899      1025     1025    0.000000000    0.000000000
    0.047171628      1026     1026    0.000000000    0.000000000
    0.921829560      1027     1027    0.000000000    0.000000000
    0.424104334      1028     1028    0.000000000    0.000000000
    0.794574179      1029     1029    0.000000000    0.000000000
    0.750792708      1030     1030    0.000000000    0.000000000
    0.013455356      1031     1031    0.000000000    0.000000000
    0.520972570      1032     1032    0.000000000    0.000000000
    0.419376421      1033     1033    0.000000000    0.000000000
    0.214845656      1034     1034    0.000000000    0.000000000
    0.235663396      1035     1035    0.000000000    0.000000000
    0.027977736      1036     1036    0.000000000    0.000000000
    0.381572416      1037     1037    0.000000000    0.000000000
    0.092584136      1038     1038    0.000000000    0.000000000
    0.427570953      1039     1039    0.000000000   -0.000000000
    0.625329356      1040     1040    0.000000000    0.000000000
    0.309839926      1041     1041    0.000000000    0.000000000
    0.169459975      1042     1042    0.000000000    0.000000000
    0.535108949      1043     1043    0.000000000    0.000000000
    0.167363682      1044     1044    0.000000000    0.000000000
    0.952616056      1045     1045    0.000000000   -0.000000000
    0.387432443      1046     1046    0.000000000    0.000000000
    0.153098978      1047     1047    0.000000000    0.000000000
    0.824985534      1048     1048    0.000000000    0.000000000
    0.994167575      1049     1049    0.000000000    0.000000000
    0.706439116      1050     1050    0.000000000    0.000000000
    0.129783038      1051     1051    0.000000000    0.000000000
    0.434897258      1052     1052    0.000000000    0.000000000
    0.033087915      1053     1053    0.000000000    0.000000000
    0.373561702      1054     1054    0.000000000    0.000000000
    0.770878698      1055     1055    0.000000000    0.000000000
    0.490252724      1056     1056    0.000000000    0.000000000
    0.785261589      1057     1057    0.000000000    0.000000000
    0.623238812      1058     1058    0.000000000    0.000000000
    0.794142661      1059     1059    0.000000000    0.000000000
    0.709771777      1060     1060    0.000000000    0.000000000
    0.584599323      1061     1061    0.000000000    0.000000000
    0.040037411      1062     1062    0.000000000    0.000000000
    0.712944115      1063     1063    0.000000000    0.000000000
    0.914435975      1064     1064    0.000000000    0.000000000
    0.718468086      1065     1065    0.000000000    0.000000000
    0.011914850      1066     1066    0.000000000    0.000000000
    0.279342461      1067     1067    0.000000000    0.000000000
    0.932697441      1068     1068    0.000000000    0.000000000
    0.789859014      1069     1069    0.000000000    0.000000000
    0.484351926      1070     1070    0.000000000    0.000000000
    0.362192090      1071     1071    0.000000000    0.000000000
    0.535652084      1072     1072    0.000000000    0.000000000
    0.784310477      1073     1073    0.000000000    0.000000000
    0.098736075      1074     1074    0.000000000    0.000000000
    0.824594675      1075     1075    0.000000000    0.000000000
    0.048652002      1076     1076    0.000000000    0.000000000
    0.299744716      1077     1077    0.000000000    0.000000000
    0.209444165      1078     1078    0.000000000    0.000000000
    0.502220352      1079     1079    0.000000000    0.000000000
    0.283829229      1080     1080    0.000000000    0.000000000
    0.894297256      1081     1081    0.000000000    0.000000000
    0.515397140      1082     1082    0.000000000    0.000000000
    0.736271467      1083     1083    0.000000000    0.000000000
    0.451756455      1084     1084    0.000000000    0.000000000
    0.802612304      1085     1085    0.000000000    0.000000000
    0.309936633      1086     1086    0.000000000    0.000000000
    0.862825363      1087     1087    0.000000000    0.000000000
    0.372533000      1088     1088    0.000000000    0.000000000
    0.657911790      1089     1089    0.000000000    0.000000000
    0.288280350      1090     1090    0.000000000    0.000000000
    0.598946865      1091     1091    0.000000000    0.000000000
    0.426269180      1092     1092    0.000000000    0.000000000
    0.893688450      1093     1093    0.000000000    0.000000000
    0.458663038      1094     1094    0.000000000    0.000000000
    0.878025443      1095     1095    0.000000000    0.000000000
    0.874103773      1096     1096    0.000000000    0.000000000
    0.510007584      1097     1097    0.000000000    0.000000000
    0.629129765      1098     1098    0.000000000    0.000000000
    0.916556934      1099     1099    0.000000000    0.000000000
    0.956555068      1100     1100    0.000000000    0.000000000
    0.991197580      1101     1101    0.000000000    0.000000000
    0.340325946      1102     1102    0.000000000    0.000000000
    0.682592779      1103     1103    0.000000000    0.000000000
    0.903057532      1104     1104    0.000000000    0.000000000
    0.858109465      1105     1105    0.000000000    0.000000000
    0.383848865      1106     1106    0.000000000    0.000000000
    0.800113072      1107     1107    0.000000000    0.000000000
    0.824873524      1108     1108    0.000000000   -0.000000000
    0.775673278      1109     1109    0.000000000    0.000000000
    0.499255908      1110     1110    0.000000000    0.000000000
    0.717783558      1111     1111    0.000000000    0.000000000
    0.664382139      1112     1112    0.000000000    0.000000000
    0.846278500      1113     1113    0.000000000    0.000000000
    0.458005193      1114     1114    0.000000000    0.000000000
    0.596904139      1115     1115    0.000000000    0.000000000
    0.214429215      1116     1116    0.000000000    0.000000000
    0.335879763      1117     1117    0.000000000    0.000000000
    0.206134162      1118     1118    0.000000000   -0.000000000
    0.066763203      1119     1119    0.000000000    0.000000000
    0.729186175      1120     1120    0.000000000    0.000000000
    0.072203588      1121     1121    0.000000000    0.000000000
    0.326736112      1122     1122    0.000000000    0.000000000
    0.091394068      1123     1123    0.000000000    0.000000000
    0.915422329      1124     1124    0.000000000    0.000000000
    0.616494414      1125     1125    0.000000000    0.000000000
    0.753308207      1126     1126    0.000000000    0.000000000
    0.336897868      1127     1127    0.000000000    0.000000000
    0.576793862      1128     1128    0.000000000   -0.000000000
    0.282452634      1129     1129    0.000000000    0.000000000
    0.698988792      1130     1130    0.000000000    0.000000000
    0.149486995      1131     1131    0.000000000    0.000000000
    0.473638958      1132     1132    0.000000000    0.000000000
    0.732548940      1133     1133    0.000000000    0.000000000
    0.933096859      1134     1134    0.000000000    0.000000000
    0.782157269      1135     1135    0.000000000    0.000000000
    0.426808388      1136     1136    0.000000000    0.000000000
    0.430751094      1137     1137    0.000000000    0.000000000
    0.192304392      1138     1138    0.000000000    0.000000000
    0.246963165      1139     1139    0.000000000    0.000000000
    0.173686622      1140     1140    0.000000000   -0.000000000
    0.136260102      1141     1141    0.000000000    0.000000000
    0.663925520      1142     1142    0.000000000    0.000000000
    0.247545626      1143     1143    0.000000000    0.000000000
    0.861690816      1144     1144    0.000000000    0.000000000
    0.694052362      1145     1145    0.000000000    0.000000000
    0.004254474      1146     1146    0.000000000    0.000000000
    0.625030090      1147     1147    0.000000000    0.000000000
    0.686143115      1148     1148    0.000000000    0.000000000
    0.716763911      1149     1149    0.000000000    0.000000000
    0.708599658      1150     1150    0.000000000    0.000000000
    0.350593082      1151     1151    0.000000000    0.000000000
    0.661638230      1152     1152    0.000000000   -0.000000000
    0.974618549      1153     1153    0.000000000    0.000000000
    0.376520817      1154     1154    0.000000000    0.000000000
    0.893735387      1155     1155    0.000000000    0.000000000
    0.351495872      1156     1156    0.000000000    0.000000000
    0.406608021      1157     1157    0.000000000    0.000000000
    0.321429205      1158     1158    0.000000000    0.000000000
    0.354450626      1159     1159    0.000000000    0.000000000
    0.512025960      1160     1160    0.000000000    0.000000000
    0.025255257      1161     1161    0.000000000    0.000000000
    0.331797479      1162     1162    0.000000000    0.000000000
    0.564262400      1163     1163    0.000000000    0.000000000
    0.938114099      1164     1164    0.000000000   -0.000000000
    0.220339199      1165     1165    0.000000000    0.000000000
    0.623761262      1166     1166    0.000000000    0.000000000
    0.104541710      1167     1167    0.000000000    0.000000000
    0.997606449      1168     1168    0.000000000    0.000000000
    0.886901846      1169     1169    0.000000000    0.000000000
    0.701479796      1170     1170    0.000000000    0.000000000
    0.147376667      1171     1171    0.000000000    0.000000000
    0.654868497      1172     1172    0.000000000    0.000000000
    0.046894582      1173     1173    0.000000000    0.000000000
    0.739369777      1174     1174    0.000000000    0.000000000
    0.736829795      1175     1175    0.000000000   -0.000000000
    0.324198304      1176     1176    0.000000000    0.000000000
    0.179694091      1177     1177    0.000000000    0.000000000
    0.685245616      1178     1178    0.000000000    0.000000000
    0.925538774      1179     1179    0.000000000    0.000000000
    0.489822286      1180     1180    0.000000000    0.000000000
    0.439830504      1181     1181    0.000000000    0.000000000
    0.127931828      1182     1182    0.000000000    0.000000000
    0.620112587      1183     1183    0.000000000    0.000000000
    0.415779885      1184     1184    0.000000000    0.000000000
    0.347749000      1185     1185    0.000000000    0.000000000
    0.894417418      1186     1186    0.000000000    0.000000000
    0.822705704      1187     1187    0.000000000   -0.000000000
    0.161384916      1188     1188    0.000000000    0.000000000
    0.849759282      1189     1189    0.000000000    0.000000000
    0.308745002      1190     1190    0.000000000    0.000000000
    0.655241050      1191     1191    0.000000000    0.000000000
    0.131037072      1192     1192    0.000000000    0.000000000
    0.154823155      1193     1193    0.000000000    0.000000000
    0.525219999      1194     1194    0.000000000    0.000000000
    0.447966888      1195     1195    0.000000000    0.000000000
    0.350310331      1196     1196    0.000000000    0.000000000
    0.979950877      1197     1197    0.000000000    0.000000000
    0.063605590      1198     1198    0.000000000   -0.000000000
    0.817604212      1199     1199    0.000000000    0.000000000
    0.461203860      1200     1200    0.000000000    0.000000000
