  C     6.0  -10.78308640    4.04694361    0.08700308   12.00000000
  C     6.0  -10.99989440    1.38639531   -0.05270576   12.00000000
  C     6.0   -8.36239387    0.39739399   -0.06391454   12.00000000
  C     6.0   -6.70288051    2.34766073    0.04136214   12.00000000
  C     6.0   -8.09989247    4.79549000    0.01294310   12.00000000
  C     6.0   -6.99235239    7.07743024    0.00606826   12.00000000
  H     1.0  -12.20129730    5.37496866    0.52842715    1.00782504
  H     1.0  -12.95518100    0.40626658   -0.43359916    1.00782504
  H     1.0   -8.37224438   -1.46637810    0.10721573    1.00782504
  H     1.0   -4.68115160    2.10941625    0.61522933    1.00782504
  H     1.0   -7.88105521    9.10910735    0.10000096    1.00782504
  H     1.0   -4.88704025    7.04481486   -0.07804122    1.00782504
