    -0.000318684    0.000320340    0.000020727
     0.000305634   -0.000189005    0.000307216
    -0.000006334   -0.000023177   -0.000215411
     0.000293191   -0.000229533    0.000221275
    -0.000472856   -0.000041791   -0.000130660
     0.000302905    0.000270353   -0.000211519
     0.001384505    0.001823943   -0.000654591
     0.001021328   -0.001383280   -0.001280273
    -0.000176206    0.000795355   -0.000029425
    -0.001854144   -0.000924193   -0.000029660
    -0.002225823    0.000109603    0.001802181
     0.000613342   -0.001697701    0.000291256
